10 0.801481
11 0.803563
12 0.814867
13 0.934287
14 0.971271
15 0.985179
16 0.991241
17 0.994205
18 0.995789
19 0.996770
20 0.997434
21 0.997911
22 0.998269
23 0.998546
24 0.998765
25 0.998942
26 0.999088
27 0.999209
28 0.999310
29 0.999397
30 0.999470
31 0.999533
32 0.999588
33 0.999635
34 0.999677
35 0.999713
36 0.999745
37 0.999772
38 0.999797
39 0.999819
40 0.999838
41 0.999855
42 0.999871
43 0.999884
44 0.999896
45 0.999907
46 0.999917
47 0.999925
48 0.999933
49 0.999940
50 0.999946
51 0.999951
52 0.999956
53 0.999961
54 0.999965
55 0.999968
56 0.999972
57 0.999974
58 0.999977
59 0.799983
60 0.599989
61 0.599990
62 0.599991
63 0.399995
64 0.404228
65 0.410283
66 0.253162
67 0.117296
68 0.166251
69 0.200940
70 0.237997
71 0.289558
72 0.426023
73 0.500666
74 0.565082
75 0.620288
76 0.667461
77 0.707807
78 0.742418
79 0.772226
80 0.798014
81 0.820423
82 0.839979
83 0.857115
84 0.872186
85 0.885486
86 0.897258
87 0.907707
88 0.917004
89 0.925294
90 0.932701
91 0.939329
92 0.945271
93 0.950605
94 0.955399
95 0.959713
96 0.963598
97 0.967100
98 0.970261
99 0.973115
100 0.975693
101 0.978024
102 0.980133
103 0.982042
104 0.983770
105 0.985334
106 0.789401
107 0.592821
108 0.593519
109 0.396101
110 0.198241
111 0.210169
112 0.387097
113 0.416466
114 0.513033
115 0.607961
116 0.659461
117 0.696603
118 0.758961
119 0.803759
120 0.837309
121 0.863241
122 0.883783
123 0.900375
124 0.913990
125 0.925307
126 0.934817
127 0.942879
128 0.949768
129 0.955692
130 0.960815
131 0.965268
132 0.969154
133 0.972558
134 0.975549
135 0.978185
136 0.980514
137 0.982577
138 0.984406
139 0.986032
140 0.987479
141 0.988768
142 0.989919
143 0.990947
144 0.991867
145 0.992690
146 0.993427
147 0.994087
148 0.994680
149 0.995212
150 0.796551
151 0.796894
152 0.797203
153 0.797480
154 0.797729
155 0.976454
156 0.774233
157 0.586994
158 0.412756
159 0.242844
160 0.238497
161 0.247130
162 0.267040
163 0.296178
164 0.262519
165 0.225278
166 0.246137
167 0.672687
168 0.677371
169 0.730527
170 0.790113
171 0.831477
172 0.861403
173 0.883932
174 0.901433
175 0.915373
176 0.926700
177 0.936056
178 0.943887
179 0.950515
180 0.956177
181 0.961053
182 0.965281
183 0.968968
184 0.972200
185 0.975045
186 0.977559
187 0.979789
188 0.981771
189 0.983539
190 0.985120
191 0.986535
192 0.987805
193 0.988946
194 0.989973
195 0.990899
196 0.991734
197 0.992489
198 0.993171
199 0.796258
200 0.598842
201 0.598946
202 0.400904
203 0.202522
204 0.559075
205 0.633022
206 0.662097
207 0.664439
208 0.709554
209 0.733952
210 0.749365
211 0.800235
212 0.837001
213 0.864678
214 0.886157
215 0.722581
216 0.550228
217 0.371364
218 0.187574
219 0.000003
220 0.024300
221 0.069528
222 0.104606
223 0.579791
224 0.395501
225 0.198706
226 0.000000
227 0.052131
228 0.104438
229 0.134747
230 0.131732
231 0.088433
232 0.000000
233 0.029665
234 0.082244
235 0.152793
236 0.237895
237 0.335045
238 0.417545
239 0.488110
240 0.548842
241 0.601389
242 0.647063
243 0.686923
244 0.721829
245 0.752491
246 0.779497
247 0.803340
248 0.824432
249 0.843127
250 0.859724
251 0.874479
252 0.887614
253 0.899320
254 0.909763
255 0.919089
256 0.927423
257 0.934876
258 0.941545
259 0.947518
260 0.952868
261 0.957664
262 0.961964
263 0.965821
264 0.969282
265 0.972389
266 0.975179
267 0.977684
268 0.786604
269 0.787954
270 0.789166
271 0.790256
272 0.595600
273 0.592022
274 0.407604
275 0.235799
276 0.074716
277 0.107349
278 0.136698
279 0.183148
280 0.244977
281 0.320637
282 0.388702
283 0.449935
284 0.505026
285 0.554591
286 0.599187
287 0.639313
288 0.675418
289 0.707905
290 0.737138
291 0.763444
292 0.787115
293 0.808416
294 0.827584
295 0.844834
296 0.860358
297 0.874327
298 0.886899
299 0.898213
300 0.908394
301 0.734087
302 0.740680
303 0.746613
304 0.564002
305 0.378447
306 0.566842
307 0.566158
308 0.565542
309 0.718357
310 0.828149
311 0.805332
312 0.784797
313 0.766316
314 0.657631
315 0.551020
316 0.427153
317 0.288550
318 0.137394
319 0.143655
320 0.169291
321 0.212363
322 0.271128
323 0.404791
324 0.444313
325 0.491108
326 0.492100
327 0.453982
328 0.440584
329 0.382310
330 0.384079
331 0.405671
332 0.466435
333 0.494990
334 0.491968
335 0.450601
336 0.376588
337 0.358929
338 0.363036
339 0.386733
340 0.428059
341 0.485254
342 0.536729
343 0.583056
344 0.624750
345 0.662275
346 0.696048
347 0.726443
348 0.753799
349 0.778419
350 0.800577
351 0.820520
352 0.838468
353 0.854621
354 0.869159
355 0.882243
356 0.894019
357 0.904617
358 0.914155
359 0.922740
360 0.930466
361 0.937419
362 0.943677
363 0.759448
364 0.763503
365 0.767153
366 0.770437
367 0.580045
368 0.433891
369 0.484345
370 0.515107
371 0.465101
372 0.470254
373 0.472960
374 0.474620
375 0.427210
376 0.452096
377 0.470693
378 0.485046
379 0.494005
380 0.522859
381 0.544546
382 0.562555
383 0.577672
384 0.605490
385 0.690974
386 0.703994
387 0.715240
388 0.725002
389 0.733511
390 0.763343
391 0.789523
392 0.812562
393 0.832886
394 0.850856
395 0.866773
396 0.880897
397 0.893447
398 0.904616
399 0.914565
400 0.923439
401 0.931360
402 0.938438
403 0.944765
404 0.950427
405 0.955496
406 0.960036
407 0.964105
408 0.967753
409 0.971025
410 0.973960
411 0.976595
412 0.978960
413 0.981084
414 0.982992
415 0.984706
416 0.986246
417 0.987630
418 0.988874
419 0.989992
420 0.990998
421 0.991901
422 0.992714
423 0.993445
424 0.994103
425 0.994694
426 0.796181
427 0.597423
428 0.398454
429 0.199304
430 0.000000
431 0.926586
432 0.952501
433 0.969632
434 0.980703
435 0.988018
436 0.991569
437 0.993657
438 0.995026
439 0.995988
440 0.996698
441 0.997240
442 0.997666
443 0.998008
444 0.998287
445 0.998517
446 0.998710
447 0.998873
448 0.999011
449 0.999130
450 0.999233
451 0.999322
452 0.999399
453 0.999467
454 0.999526
455 0.999578
456 0.999624
457 0.999664
458 0.999700
459 0.999732
460 0.999760
461 0.999786
462 0.999808
463 0.999828
464 0.999846
465 0.999862
466 0.999876
467 0.999889
468 0.999900
469 0.999910
470 0.999919
471 0.999928
472 0.999935
473 0.999942
474 0.999947
475 0.999953
476 0.999958
477 0.999962
478 0.999966
479 0.999969
480 0.999972
481 0.799980
482 0.599987
483 0.399992
484 0.399993
485 0.199997
486 0.212038
487 0.234905
488 0.267504
489 0.161382
490 0.225387
491 0.282964
492 0.334762
493 0.381362
494 0.443317
495 0.499059
496 0.549213
497 0.594340
498 0.634945
499 0.671482
500 0.704360
501 0.733944
502 0.656340
503 0.670714
504 0.561216
505 0.434902
506 0.294233
507 0.296811
508 0.165218
509 0.188703
510 0.229844
511 0.286874
512 0.338198
513 0.404391
514 0.463963
515 0.517575
516 0.565825
517 0.609248
518 0.648328
519 0.683499
520 0.572121
521 0.446184
522 0.307711
523 0.158470
524 0.000000
525 0.012015
526 0.398138
527 0.199762
528 0.000000
529 0.017821
530 0.000000
531 0.359300
532 0.466954
533 0.531074
534 0.499019
535 0.436773
536 0.316786
537 0.167016
538 0.000000
539 0.034433
540 0.093135
541 0.169878
542 0.260618
543 0.362604
544 0.447309
545 0.518419
546 0.578653
547 0.630064
548 0.674230
549 0.712383
550 0.745501
551 0.774369
552 0.799622
553 0.821785
554 0.841290
555 0.858498
556 0.873711
557 0.887188
558 0.899147
559 0.909773
560 0.919230
561 0.927655
562 0.935168
563 0.941876
564 0.947868
565 0.953227
566 0.958021
567 0.962313
568 0.966158
569 0.969603
570 0.972692
571 0.784829
572 0.594783
573 0.595310
574 0.595784
575 0.402324
576 0.406124
577 0.413569
578 0.261839
579 0.279766
580 0.307947
581 0.333279
582 0.356054
583 0.388581
584 0.363238
585 0.407059
586 0.446469
587 0.481917
588 0.513802
589 0.562527
590 0.606359
591 0.645793
592 0.681269
593 0.713187
594 0.741905
595 0.767744
596 0.790994
597 0.811914
598 0.830738
599 0.847677
600 0.862920
601 0.876636
602 0.888979
603 0.900087
604 0.910083
605 0.919078
606 0.927173
607 0.934458
608 0.941014
609 0.946914
610 0.952224
611 0.957003
612 0.961303
613 0.965174
614 0.968657
615 0.971792
616 0.974613
617 0.977152
618 0.979437
619 0.981493
620 0.983344
621 0.985010
622 0.986509
623 0.987858
624 0.989072
625 0.990165
626 0.991149
627 0.992034
628 0.992831
629 0.993548
630 0.994193
631 0.994774
632 0.995296
633 0.995767
634 0.996190
635 0.797257
636 0.598149
637 0.598334
638 0.598501
639 0.399101
640 0.403191
641 0.410872
642 0.254993
643 0.122982
644 0.170684
645 0.213616
646 0.252255
647 0.307029
648 0.376327
649 0.438694
650 0.494825
651 0.545343
652 0.590809
653 0.631728
654 0.668555
655 0.701700
656 0.731530
657 0.758377
658 0.782539
659 0.804285
660 0.823857
661 0.841471
662 0.857324
663 0.871592
664 0.884432
665 0.895989
666 0.906390
667 0.915751
668 0.924176
669 0.931759
670 0.938583
671 0.944724
672 0.950252
673 0.955227
674 0.959704
675 0.963734
676 0.967360
677 0.970624
678 0.973562
679 0.976206
680 0.978585
681 0.980727
682 0.786123
683 0.590633
684 0.591570
685 0.394942
686 0.197724
687 0.705507
688 0.735772
689 0.762575
690 0.734947
691 0.758701
692 0.770620
693 0.777754
694 0.824975
695 0.858403
696 0.883192
697 0.902212
698 0.917195
699 0.929240
700 0.939086
701 0.947243
702 0.954075
703 0.959853
704 0.964776
705 0.969000
706 0.972645
707 0.975806
708 0.978559
709 0.980965
710 0.983076
711 0.984932
712 0.986569
713 0.988015
714 0.989296
715 0.990432
716 0.991442
717 0.992340
718 0.993140
719 0.993853
720 0.994489
721 0.995058
722 0.995566
723 0.996021
724 0.996428
725 0.996792
726 0.797695
727 0.797930
728 0.798140
729 0.798328
730 0.798497
731 0.666584
732 0.644677
733 0.553233
734 0.444574
735 0.330090
736 0.300522
737 0.304449
738 0.329259
739 0.368253
740 0.417536
741 0.427917
742 0.480892
743 0.524478
744 0.560782
745 0.591332
746 0.642116
747 0.685535
748 0.722890
749 0.755200
750 0.783277
751 0.807774
752 0.829223
753 0.848060
754 0.864648
755 0.879291
756 0.892244
757 0.903723
758 0.913913
759 0.922971
760 0.931034
761 0.938220
762 0.944629
763 0.950353
764 0.955468
765 0.960041
766 0.964134
767 0.967799
768 0.971083
769 0.974025
770 0.976664
771 0.979031
772 0.981154
773 0.983061
774 0.984772
775 0.791785
776 0.597538
777 0.597786
778 0.401991
779 0.205372
780 0.216898
781 0.239318
782 0.099124
783 0.149411
784 0.214702
785 0.273420
786 0.326222
787 0.391035
788 0.998588
789 0.999245
790 0.999487
791 0.799694
792 0.599820
793 0.399903
794 0.199962
795 0.000003
796 0.032896
797 0.089615
798 0.131503
799 0.151276
800 0.399917
801 0.199979
802 0.000000
803 0.058596
804 0.113952
805 0.144318
806 0.139263
807 0.092590
808 0.000000
809 0.030772
810 0.084677
811 0.156603
812 0.242987
813 0.341258
814 0.424296
815 0.495024
816 0.555676
817 0.607992
818 0.653343
819 0.692828
820 0.727336
821 0.757594
822 0.784202
823 0.807660
824 0.828388
825 0.846740
826 0.863016
827 0.877474
828 0.890335
829 0.901789
830 0.912001
831 0.921115
832 0.929256
833 0.936534
834 0.943044
835 0.948871
836 0.954090
837 0.958767
838 0.962959
839 0.966719
840 0.970092
841 0.973120
842 0.975837
843 0.978277
844 0.787034
845 0.788341
846 0.789515
847 0.790570
848 0.595813
849 0.592213
850 0.407722
851 0.235860
852 0.074734
853 0.107372
854 0.136724
855 0.183179
856 0.245014
857 0.320682
858 0.388750
859 0.449985
860 0.505076
861 0.554641
862 0.599236
863 0.639360
864 0.675462
865 0.707947
866 0.737178
867 0.763480
868 0.787149
869 0.808447
870 0.827613
871 0.844861
872 0.860382
873 0.874349
874 0.886919
875 0.898231
876 0.908411
877 0.734096
878 0.740688
879 0.746621
880 0.564005
881 0.378445
882 0.566844
883 0.566160
884 0.565543
885 0.718361
886 0.828154
887 0.805337
888 0.784801
889 0.766320
890 0.657633
891 0.551020
892 0.427153
893 0.288548
894 0.137392
895 0.143653
896 0.169289
897 0.212361
898 0.271127
899 0.404790
900 0.444312
901 0.491108
902 0.492100
903 0.453983
904 0.440584
905 0.382310
906 0.384079
907 0.405671
908 0.466435
909 0.494990
910 0.491968
911 0.450601
912 0.376588
913 0.358929
914 0.363036
915 0.386732
916 0.428059
917 0.485254
918 0.536728
919 0.583056
920 0.624750
921 0.662275
922 0.696048
923 0.726443
924 0.753799
925 0.778419
926 0.800577
927 0.820520
928 0.838468
929 0.854621
930 0.869159
931 0.882243
932 0.894019
933 0.904617
934 0.914155
935 0.922740
936 0.930466
937 0.937419
938 0.943677
939 0.759448
940 0.763503
941 0.767153
942 0.770437
943 0.580045
944 0.454227
945 0.494284
946 0.521550
947 0.461925
948 0.467952
949 0.471209
950 0.473239
951 0.423860
952 0.449040
953 0.467955
954 0.482613
955 0.490412
956 0.520835
957 0.542675
958 0.560842
959 0.576112
960 0.604015
961 0.688762
962 0.702007
963 0.713456
964 0.723401
965 0.732073
966 0.762011
967 0.788293
968 0.811425
969 0.831830
970 0.849859
971 0.865808
972 0.879923
973 0.892414
974 0.903462
975 0.913223
976 0.921835
977 0.929427
978 0.936113
979 0.942000
980 0.947189
981 0.951769
982 0.955823
983 0.959422
984 0.962631
985 0.965505
986 0.968093
987 0.970434
988 0.972563
989 0.974510
990 0.976299
991 0.999613
992 0.999643
993 0.999670
994 0.999695
995 0.999718
996 0.999740
997 0.999760
998 0.999778
999 0.999795
1000 0.999811
1001 0.999826
1002 0.799872
1003 0.599912
1004 0.399946
1005 0.199975
1006 0.000000
1007 0.033708
1008 0.091484
1009 0.167316
1010 0.257247
1011 0.358555
1012 0.442974
1013 0.514036
1014 0.574370
1015 0.625966
1016 0.670366
1017 0.708777
1018 0.742160
1019 0.771291
1020 0.796799
1021 0.819204
1022 0.838936
1023 0.856355
1024 0.871765
1025 0.885422
1026 0.897546
1027 0.908325
1028 0.917919
1029 0.926470
1030 0.934098
1031 0.940909
1032 0.946996
1033 0.952439
1034 0.957311
1035 0.961672
1036 0.965580
1037 0.969082
1038 0.972223
1039 0.975040
1040 0.977568
1041 0.979837
1042 0.981874
1043 0.983703
1044 0.985346
1045 0.986823
1046 0.988149
1047 0.989342
1048 0.990413
1049 0.991377
1050 0.992243
1051 0.993021
1052 0.993722
1053 0.994352
1054 0.994918
1055 0.995428
1056 0.995886
1057 0.797039
1058 0.598001
1059 0.398801
1060 0.398921
1061 0.199515
1062 0.211578
1063 0.234446
1064 0.267034
1065 0.161125
1066 0.225065
1067 0.282600
1068 0.334374
1069 0.380965
1070 0.442901
1071 0.498638
1072 0.548796
1073 0.593934
1074 0.634554
1075 0.671110
1076 0.704009
1077 0.733615
1078 0.656075
1079 0.670471
1080 0.561033
1081 0.434775
1082 0.294156
1083 0.296741
1084 0.165184
1085 0.188668
1086 0.229805
1087 0.286830
1088 0.338151
1089 0.404341
1090 0.463910
1091 0.517522
1092 0.565773
1093 0.609198
1094 0.648279
1095 0.683453
1096 0.572099
1097 0.446181
1098 0.307725
1099 0.158499
1100 0.000032
1101 0.012054
1102 0.400000
1103 0.200000
1104 0.000000
1105 0.017308
1106 0.000000
1107 0.360869
1108 0.467517
1109 0.531361
1110 0.499195
1111 0.436885
1112 0.316848
1113 0.167042
1114 0.000000
1115 0.034437
1116 0.093143
1117 0.169890
1118 0.260634
1119 0.362623
1120 0.447330
1121 0.518440
1122 0.578674
1123 0.630084
1124 0.674249
1125 0.712401
1126 0.745517
1127 0.774384
1128 0.799636
1129 0.821798
1130 0.841302
1131 0.858508
1132 0.873721
1133 0.887197
1134 0.899154
1135 0.909780
1136 0.919236
1137 0.927660
1138 0.935173
1139 0.941880
1140 0.947873
1141 0.953231
1142 0.958024
1143 0.962316
1144 0.966160
1145 0.969606
1146 0.972694
1147 0.784830
1148 0.594784
1149 0.595311
1150 0.595785
1151 0.402325
1152 0.406125
1153 0.413569
1154 0.261839
1155 0.279767
1156 0.307947
1157 0.333279
1158 0.356054
1159 0.388581
1160 0.363238
1161 0.407059
1162 0.446470
1163 0.481917
1164 0.513802
1165 0.562527
1166 0.606360
1167 0.645793
1168 0.681269
1169 0.713188
1170 0.741905
1171 0.767745
1172 0.790994
1173 0.811914
1174 0.830739
1175 0.847677
1176 0.862920
1177 0.876636
1178 0.888980
1179 0.900087
1180 0.910083
1181 0.919078
1182 0.927173
1183 0.934458
1184 0.941014
1185 0.946914
1186 0.952224
1187 0.957003
1188 0.961303
1189 0.965174
1190 0.968657
1191 0.971792
1192 0.974613
1193 0.977152
1194 0.979437
1195 0.981493
1196 0.983344
1197 0.985010
1198 0.986509
1199 0.987858
1200 0.989072
1201 0.990165
1202 0.991149
1203 0.992034
1204 0.992831
1205 0.993548
1206 0.994193
1207 0.994774
1208 0.995296
1209 0.995767
1210 0.996190
1211 0.797257
1212 0.598149
1213 0.598334
1214 0.598501
1215 0.399101
1216 0.403191
1217 0.410872
1218 0.254993
1219 0.122982
1220 0.170684
1221 0.213616
1222 0.252255
1223 0.307029
1224 0.376327
1225 0.438694
1226 0.494825
1227 0.545343
1228 0.590809
1229 0.631728
1230 0.668555
1231 0.701700
1232 0.731530
1233 0.758377
1234 0.782539
1235 0.804285
1236 0.823857
1237 0.841471
1238 0.857324
1239 0.871592
1240 0.884432
1241 0.895989
1242 0.906390
1243 0.915751
1244 0.924176
1245 0.931759
1246 0.938583
1247 0.944724
1248 0.950252
1249 0.955227
1250 0.959704
1251 0.963734
1252 0.967360
1253 0.970624
1254 0.973562
1255 0.976206
1256 0.978585
1257 0.980727
1258 0.786123
1259 0.590633
1260 0.591570
1261 0.394942
1262 0.197724
1263 0.707105
1264 0.736238
1265 0.764349
1266 0.736656
1267 0.759717
1268 0.771319
1269 0.778272
1270 0.825324
1271 0.858651
1272 0.883375
1273 0.902353
1274 0.917305
1275 0.929328
1276 0.939158
1277 0.947301
1278 0.954124
1279 0.959894
1280 0.964811
1281 0.969030
1282 0.972671
1283 0.975828
1284 0.978578
1285 0.980982
1286 0.983090
1287 0.984945
1288 0.986580
1289 0.988025
1290 0.989305
1291 0.990440
1292 0.991449
1293 0.992346
1294 0.993145
1295 0.993857
1296 0.994493
1297 0.995062
1298 0.995569
1299 0.996024
1300 0.996431
1301 0.996795
1302 0.797697
1303 0.797931
1304 0.798141
1305 0.798330
1306 0.798499
1307 0.038811
1308 0.417153
1309 0.509080
1310 0.468071
1311 0.374338
1312 0.325050
1313 0.323844
1314 0.348223
1315 0.388270
1316 0.438923
1317 0.463183
1318 0.514487
1319 0.555814
1320 0.589646
1321 0.617708
1322 0.667059
1323 0.708824
1324 0.744444
1325 0.775024
1326 0.801425
1327 0.824331
1328 0.844288
1329 0.861740
1330 0.877052
1331 0.890523
1332 0.902404
1333 0.912906
1334 0.922208
1335 0.930460
1336 0.937792
1337 0.944315
1338 0.950126
1339 0.955308
1340 0.959934
1341 0.964066
1342 0.967761
1343 0.971066
1344 0.974025
1345 0.976676
1346 0.979051
1347 0.981180
1348 0.983090
1349 0.984804
1350 0.986341
1351 0.792633
1352 0.597792
1353 0.598015
1354 0.401785
1355 0.204816
1356 0.216407
1357 0.238891
1358 0.098506
1359 0.148885
1360 0.214251
1361 0.272977
1362 0.325220
1363 0.992603
1364 0.996341
1365 0.997592
1366 0.998229
1367 0.798896
1368 0.599332
1369 0.399632
1370 0.199847
1371 0.000003
1372 0.031069
1373 0.085371
1374 0.126149
1375 0.145733
1376 0.399926
1377 0.199981
1378 0.000000
1379 0.058324
1380 0.113552
1381 0.143920
1382 0.138952
1383 0.092420
1384 0.000000
1385 0.030732
1386 0.084583
1387 0.156453
1388 0.242785
1389 0.341012
1390 0.424029
1391 0.494750
1392 0.555406
1393 0.607731
1394 0.653095
1395 0.692595
1396 0.727119
1397 0.757393
1398 0.784017
1399 0.807490
1400 0.828232
1401 0.846598
1402 0.862886
1403 0.877356
1404 0.890228
1405 0.901692
1406 0.911913
1407 0.921035
1408 0.929184
1409 0.936469
1410 0.942985
1411 0.948818
1412 0.954042
1413 0.958724
1414 0.962920
1415 0.966684
1416 0.970061
1417 0.973091
1418 0.975811
1419 0.978254
1420 0.787017
1421 0.788325
1422 0.789501
1423 0.790558
1424 0.595804
1425 0.592205
1426 0.407718
1427 0.235858
1428 0.074734
1429 0.107371
1430 0.136723
1431 0.183178
1432 0.245013
1433 0.320680
1434 0.388748
1435 0.449983
1436 0.505074
1437 0.554639
1438 0.599234
1439 0.639358
1440 0.675460
1441 0.707945
1442 0.737176
1443 0.763479
1444 0.787147
1445 0.808446
1446 0.827612
1447 0.844860
1448 0.860381
1449 0.874349
1450 0.886918
1451 0.898230
1452 0.908410
1453 0.734096
1454 0.740688
1455 0.746620
1456 0.564004
1457 0.378445
1458 0.566844
1459 0.566159
1460 0.565543
1461 0.718361
1462 0.828154
1463 0.805337
1464 0.784801
1465 0.766320
1466 0.657633
1467 0.551020
1468 0.427153
1469 0.288548
1470 0.137392
1471 0.143653
1472 0.169289
1473 0.212362
1474 0.271127
1475 0.404790
1476 0.444312
1477 0.491108
1478 0.492100
1479 0.453983
1480 0.440584
1481 0.382310
1482 0.384079
1483 0.405671
1484 0.466435
1485 0.494990
1486 0.491968
1487 0.450601
1488 0.376588
1489 0.358929
1490 0.363036
1491 0.386732
1492 0.428059
1493 0.485254
1494 0.536728
1495 0.583056
1496 0.624750
1497 0.662275
1498 0.696048
1499 0.726443
1500 0.753799
1501 0.778419
1502 0.800577
1503 0.820520
1504 0.838468
1505 0.854621
1506 0.869159
1507 0.882243
1508 0.894019
1509 0.904617
1510 0.914155
1511 0.922740
1512 0.930466
1513 0.937419
1514 0.943677
1515 0.759448
1516 0.763503
1517 0.767153
1518 0.770437
1519 0.580045
1520 0.451128
1521 0.492686
1522 0.520468
1523 0.462458
1524 0.468340
1525 0.471505
1526 0.473474
1527 0.424430
1528 0.449555
1529 0.468414
1530 0.483020
1531 0.491012
1532 0.521171
1533 0.542984
1534 0.561124
1535 0.576369
1536 0.604260
1537 0.689131
1538 0.702338
1539 0.713753
1540 0.723667
1541 0.732312
1542 0.762232
1543 0.788499
1544 0.811622
1545 0.832027
1546 0.850071
1547 0.866058
1548 0.880247
1549 0.892857
1550 0.904080
1551 0.914080
1552 0.923000
1553 0.930963
1554 0.938079
1555 0.944441
1556 0.950134
1557 0.955231
1558 0.959797
1559 0.963889
1560 0.967558
1561 0.970849
1562 0.973802
1563 0.976453
1564 0.978832
1565 0.980969
1566 0.982888
1567 0.984612
1568 0.986162
1569 0.987554
1570 0.988805
1571 0.989931
1572 0.990942
1573 0.991851
1574 0.992669
1575 0.993405
1576 0.994066
1577 0.994661
1578 0.796157
1579 0.597407
1580 0.398444
1581 0.199300
1582 0.000000
1583 0.779546
1584 0.849366
1585 0.898672
1586 0.921891
1587 0.950128
1588 0.964420
1589 0.973012
1590 0.978722
1591 0.982772
1592 0.985779
1593 0.988090
1594 0.989911
1595 0.991376
1596 0.992574
1597 0.993567
1598 0.994399
1599 0.995103
1600 0.995703
1601 0.996218
1602 0.996662
1603 0.997048
1604 0.997384
1605 0.997677
1606 0.997935
1607 0.998161
1608 0.998361
1609 0.998537
1610 0.998694
1611 0.998832
1612 0.998955
1613 0.999065
1614 0.999163
1615 0.999250
1616 0.999327
1617 0.999397
1618 0.999459
1619 0.999514
1620 0.999564
1621 0.999608
1622 0.999648
1623 0.999684
1624 0.999716
1625 0.999745
1626 0.999771
1627 0.999794
1628 0.999815
1629 0.999833
1630 0.999850
1631 0.999865
1632 0.999879
1633 0.799913
1634 0.599941
1635 0.399965
1636 0.399968
1637 0.199986
1638 0.212028
1639 0.234894
1640 0.267493
1641 0.161375
1642 0.225378
1643 0.282954
1644 0.334751
1645 0.381351
1646 0.443305
1647 0.499047
1648 0.549201
1649 0.594329
1650 0.634934
1651 0.671472
1652 0.704350
1653 0.733935
1654 0.656333
1655 0.670707
1656 0.561211
1657 0.434900
1658 0.294232
1659 0.296810
1660 0.165218
1661 0.188703
1662 0.229844
1663 0.286873
1664 0.338197
1665 0.404390
1666 0.463962
1667 0.517574
1668 0.565824
1669 0.609247
1670 0.648327
1671 0.683498
1672 0.572121
1673 0.446183
1674 0.307711
1675 0.158471
1676 0.000001
1677 0.012005
1678 0.022787
1679 0.199943
1680 0.000000
1681 0.018417
1682 0.000000
1683 0.362074
1684 0.469040
1685 0.532433
1686 0.499857
1687 0.437303
1688 0.317080
1689 0.167139
1690 0.000000
1691 0.034450
1692 0.093174
1693 0.169938
1694 0.260696
1695 0.362698
1696 0.447410
1697 0.518520
1698 0.578752
1699 0.630159
1700 0.674320
1701 0.712467
1702 0.745579
1703 0.774440
1704 0.799688
1705 0.821845
1706 0.841345
1707 0.858547
1708 0.873756
1709 0.887229
1710 0.899183
1711 0.909807
1712 0.919260
1713 0.927682
1714 0.935193
1715 0.941898
1716 0.947889
1717 0.953245
1718 0.958037
1719 0.962328
1720 0.966171
1721 0.969615
1722 0.972703
1723 0.784836
1724 0.594788
1725 0.595315
1726 0.595789
1727 0.402327
1728 0.406126
1729 0.413571
1730 0.261840
1731 0.279767
1732 0.307948
1733 0.333280
1734 0.356055
1735 0.388582
1736 0.363239
1737 0.407059
1738 0.446470
1739 0.481918
1740 0.513803
1741 0.562528
1742 0.606360
1743 0.645793
1744 0.681270
1745 0.713188
1746 0.741906
1747 0.767745
1748 0.790995
1749 0.811915
1750 0.830739
1751 0.847678
1752 0.862920
1753 0.876637
1754 0.888980
1755 0.900087
1756 0.910083
1757 0.919078
1758 0.927173
1759 0.934458
1760 0.941015
1761 0.946915
1762 0.952224
1763 0.957003
1764 0.961304
1765 0.965174
1766 0.968657
1767 0.971792
1768 0.974613
1769 0.977152
1770 0.979437
1771 0.981493
1772 0.983344
1773 0.985010
1774 0.986509
1775 0.987858
1776 0.989072
1777 0.990165
1778 0.991149
1779 0.992034
1780 0.992831
1781 0.993548
1782 0.994193
1783 0.994774
1784 0.995296
1785 0.995767
1786 0.996190
1787 0.797257
1788 0.598149
1789 0.598334
1790 0.598501
1791 0.399101
1792 0.403191
1793 0.410872
1794 0.254993
1795 0.122982
1796 0.170684
1797 0.213616
1798 0.252255
1799 0.307029
1800 0.376327
1801 0.438694
1802 0.494825
1803 0.545343
1804 0.590809
1805 0.631728
1806 0.668555
1807 0.701700
1808 0.731530
1809 0.758377
1810 0.782539
1811 0.804285
1812 0.823857
1813 0.841471
1814 0.857324
1815 0.871592
1816 0.884432
1817 0.895989
1818 0.906390
1819 0.915751
1820 0.924176
1821 0.931759
1822 0.938583
1823 0.944724
1824 0.950252
1825 0.955227
1826 0.959704
1827 0.963734
1828 0.967360
1829 0.970624
1830 0.973562
1831 0.976206
1832 0.978585
1833 0.980727
1834 0.786123
1835 0.590633
1836 0.591570
1837 0.394942
1838 0.197724
1839 0.703838
1840 0.733954
1841 0.762195
1842 0.734742
1843 0.758460
1844 0.770410
1845 0.777577
1846 0.824743
1847 0.858162
1848 0.882960
1849 0.901998
1850 0.916999
1851 0.929063
1852 0.938927
1853 0.947100
1854 0.953948
1855 0.959738
1856 0.964674
1857 0.968909
1858 0.972563
1859 0.975733
1860 0.978493
1861 0.980906
1862 0.983023
1863 0.984885
1864 0.986526
1865 0.987977
1866 0.989262
1867 0.990402
1868 0.991414
1869 0.992315
1870 0.993117
1871 0.993833
1872 0.994471
1873 0.995042
1874 0.995552
1875 0.996008
1876 0.996416
1877 0.996782
1878 0.797688
1879 0.797923
1880 0.798134
1881 0.798323
1882 0.798493
1883 0.670530
1884 0.645775
1885 0.553428
1886 0.444449
1887 0.329821
1888 0.300362
1889 0.304316
1890 0.329124
1891 0.368106
1892 0.417376
1893 0.427650
1894 0.480635
1895 0.524235
1896 0.560557
1897 0.591125
1898 0.641919
1899 0.685350
1900 0.722718
1901 0.755042
1902 0.783132
1903 0.807641
1904 0.829101
1905 0.847949
1906 0.864548
1907 0.879200
1908 0.892161
1909 0.903648
1910 0.913845
1911 0.922910
1912 0.930979
1913 0.938170
1914 0.944585
1915 0.950312
1916 0.955431
1917 0.960009
1918 0.964105
1919 0.967773
1920 0.971058
1921 0.974003
1922 0.976644
1923 0.979013
1924 0.981138
1925 0.983046
1926 0.984759
1927 0.791778
1928 0.597536
1929 0.597784
1930 0.401993
1931 0.205377
1932 0.216902
1933 0.239321
1934 0.099129
1935 0.149415
1936 0.214706
1937 0.273423
1938 0.326226
1939 0.391657
1940 0.998494
1941 0.999211
1942 0.999467
1943 0.799683
1944 0.599814
1945 0.399900
1946 0.199960
1947 0.000004
1948 0.033018
1949 0.089897
1950 0.131857
1951 0.151684
1952 0.399912
1953 0.199978
1954 0.000000
1955 0.058670
1956 0.114060
1957 0.144426
1958 0.139347
1959 0.092636
1960 0.000000
1961 0.030782
1962 0.084702
1963 0.156644
1964 0.243041
1965 0.341324
1966 0.424368
1967 0.495098
1968 0.555749
1969 0.608062
1970 0.653410
1971 0.692891
1972 0.727394
1973 0.757648
1974 0.784252
1975 0.807706
1976 0.828430
1977 0.846778
1978 0.863051
1979 0.877506
1980 0.890363
1981 0.901815
1982 0.912025
1983 0.921136
1984 0.929275
1985 0.936551
1986 0.943060
1987 0.948886
1988 0.954103
1989 0.958779
1990 0.962970
1991 0.966729
1992 0.970101
1993 0.973127
1994 0.975844
1995 0.978283
1996 0.787038
1997 0.788345
1998 0.789518
1999 0.790573
2000 0.595815
2001 0.592215
2002 0.407723
2003 0.235861
2004 0.074734
2005 0.107372
2006 0.136724
2007 0.183180
2008 0.245015
2009 0.320682
2010 0.388750
2011 0.449986
2012 0.505077
2013 0.554642
2014 0.599236
2015 0.639360
2016 0.675463
2017 0.707947
2018 0.737178
2019 0.763481
2020 0.787149
2021 0.808448
2022 0.827614
2023 0.844861
2024 0.860382
2025 0.874350
2026 0.886919
2027 0.898231
2028 0.908411
2029 0.734096
2030 0.740688
2031 0.746621
2032 0.564005
2033 0.378445
2034 0.566844
2035 0.566160
2036 0.565543
2037 0.718361
2038 0.828155
2039 0.805337
2040 0.784801
2041 0.766320
2042 0.657633
2043 0.551020
2044 0.427153
2045 0.288548
2046 0.137392
2047 0.143653
2048 0.169289
2049 0.212361
2050 0.271127
2051 0.404790
2052 0.444312
2053 0.491108
2054 0.492100
2055 0.453983
2056 0.440584
2057 0.382310
2058 0.384079
2059 0.405671
2060 0.466435
2061 0.494990
2062 0.491968
2063 0.450601
2064 0.376588
2065 0.358929
2066 0.363036
2067 0.386732
2068 0.428059
2069 0.485254
2070 0.536728
2071 0.583056
2072 0.624750
2073 0.662275
2074 0.696048
2075 0.726443
2076 0.753799
2077 0.778419
2078 0.800577
2079 0.820520
2080 0.838468
2081 0.854621
2082 0.869159
2083 0.882243
2084 0.894019
2085 0.904617
2086 0.914155
2087 0.922740
2088 0.930466
2089 0.937419
2090 0.943677
2091 0.759448
2092 0.763503
2093 0.767153
2094 0.770437
2095 0.580045
2096 0.454743
2097 0.494555
2098 0.521735
2099 0.461834
2100 0.467885
2101 0.471158
2102 0.473199
2103 0.423762
2104 0.448950
2105 0.467875
2106 0.482542
2107 0.490308
2108 0.520776
2109 0.542621
2110 0.560793
2111 0.576067
2112 0.603972
2113 0.688698
2114 0.701950
2115 0.713405
2116 0.723355
2117 0.732032
2118 0.761973
2119 0.788257
2120 0.811391
2121 0.831795
2122 0.849819
2123 0.865756
2124 0.879849
2125 0.892305
2126 0.903300
2127 0.912986
2128 0.921504
2129 0.928979
2130 0.935530
2131 0.941269
2132 0.946299
2133 0.950716
2134 0.954605
2135 0.958045
2136 0.961102
2137 0.963833
2138 0.966288
2139 0.999508
2140 0.999546
2141 0.999580
2142 0.999611
2143 0.999638
2144 0.999663
2145 0.999686
2146 0.999708
2147 0.999728
2148 0.999746
2149 0.999763
2150 0.999780
2151 0.999795
2152 0.999809
2153 0.999823
2154 0.799869
2155 0.599909
2156 0.399944
2157 0.199974
2158 0.000000
2159 0.029419
2160 0.081478
2161 0.151487
2162 0.236085
2163 0.332793
2164 0.332056
2165 0.291335
2166 0.218523
2167 0.119786
2168 0.000000
2169 0.021993
2170 0.063990
2171 0.122909
2172 0.196607
2173 0.283288
2174 0.360011
2175 0.428041
2176 0.488460
2177 0.542193
2178 0.590041
2179 0.632695
2180 0.670758
2181 0.704753
2182 0.735139
2183 0.762318
2184 0.786645
2185 0.808430
2186 0.827950
2187 0.845448
2188 0.861140
2189 0.875217
2190 0.887849
2191 0.899189
2192 0.909370
2193 0.918515
2194 0.926729
2195 0.934109
2196 0.940741
2197 0.946702
2198 0.952060
2199 0.956877
2200 0.961207
2201 0.965102
2202 0.968603
2203 0.971753
2204 0.974585
2205 0.977133
2206 0.979425
2207 0.981487
2208 0.983342
2209 0.985010
2210 0.986511
2211 0.987862
2212 0.989077
2213 0.990171
2214 0.991155
2215 0.992040
2216 0.992837
2217 0.993553
2218 0.994198
2219 0.994779
2220 0.995301
2221 0.995771
2222 0.996194
2223 0.996575
2224 0.996918
2225 0.997226
2226 0.997504
2227 0.997753
2228 0.997978
2229 0.998180
2230 0.998362
2231 0.998526
2232 0.998673
2233 0.998806
2234 0.998926
2235 0.999033
2236 0.999130
2237 0.999217
2238 0.999295
2239 0.999366
2240 0.999429
2241 0.999486
2242 0.999537
2243 0.999584
2244 0.999625
2245 0.799730
2246 0.599818
2247 0.399891
2248 0.199951
2249 0.000000
2250 0.020114
2251 0.996798
2252 0.798795
2253 0.599556
2254 0.399828
2255 0.199941
2256 0.000000
2257 0.008991
2258 0.000000
2259 0.278979
2260 0.363257
2261 0.313462
2262 0.246899
2263 0.013425
2264 0.041219
2265 0.006687
2266 0.000063
2267 0.040717
2268 0.117152
2269 0.226076
2270 0.296604
2271 0.304182
2272 0.250570
2273 0.154065
2274 0.160860
2275 0.193770
2276 0.247590
2277 0.318477
2278 0.403541
2279 0.476227
2280 0.538716
2281 0.592723
2282 0.639617
2283 0.680500
2284 0.716268
2285 0.747661
2286 0.775288
2287 0.799660
2288 0.821208
2289 0.840294
2290 0.857230
2291 0.872278
2292 0.885669
2293 0.897597
2294 0.908236
2295 0.917732
2296 0.926216
2297 0.933801
2298 0.940588
2299 0.946663
2300 0.952105
2301 0.956982
2302 0.961354
2303 0.965276
2304 0.775253
2305 0.583562
2306 0.585224
2307 0.586715
2308 0.588055
2309 0.438058
2310 0.394109
2311 0.408239
2312 0.255479
2313 0.091869
2314 0.337505
2315 0.505242
2316 0.527490
2317 0.547665
2318 0.562765
2319 0.309783
2320 0.177653
2321 0.747635
2322 0.719742
2323 0.750643
2324 0.789016
2325 0.827884
2326 0.856501
2327 0.878382
2328 0.895641
2329 0.909612
2330 0.921163
2331 0.930876
2332 0.939156
2333 0.946287
2334 0.952478
2335 0.957884
2336 0.962626
2337 0.966799
2338 0.970480
2339 0.973732
2340 0.976610
2341 0.979159
2342 0.981419
2343 0.983425
2344 0.985205
2345 0.986788
2346 0.988195
2347 0.989447
2348 0.990561
2349 0.991555
2350 0.992440
2351 0.993230
2352 0.993935
2353 0.994564
2354 0.995127
2355 0.995630
2356 0.996080
2357 0.996483
2358 0.996843
2359 0.997166
2360 0.997455
2361 0.997715
2362 0.997947
2363 0.998156
2364 0.998343
2365 0.998511
2366 0.998662
2367 0.799038
2368 0.599352
2369 0.399612
2370 0.199826
2371 0.000001
2372 0.010226
2373 0.232693
2374 0.356984
2375 0.477595
2376 0.598908
2377 0.681226
2378 0.740438
2379 0.784852
2380 0.819226
2381 0.846480
2382 0.868508
2383 0.886589
2384 0.901620
2385 0.914248
2386 0.924952
2387 0.934092
2388 0.941948
2389 0.948737
2390 0.954632
2391 0.959772
2392 0.964270
2393 0.968218
2394 0.971694
2395 0.974760
2396 0.977472
2397 0.979874
2398 0.982006
2399 0.983901
2400 0.985588
2401 0.987090
2402 0.988430
2403 0.989627
2404 0.792557
2405 0.594991
2406 0.397003
2407 0.198655
2408 0.000000
2409 0.019436
2410 0.046090
2411 0.067322
2412 0.108954
2413 0.105704
2414 0.067714
2415 0.437844
2416 0.744342
2417 0.442736
2418 0.508180
2419 0.567687
2420 0.629910
2421 0.672366
2422 0.803191
2423 0.840899
2424 0.867960
2425 0.888404
2426 0.904446
2427 0.917398
2428 0.928086
2429 0.937054
2430 0.944677
2431 0.951221
2432 0.956883
2433 0.961812
2434 0.966123
2435 0.969907
2436 0.973239
2437 0.976180
2438 0.978780
2439 0.981082
2440 0.983124
2441 0.984936
2442 0.986547
2443 0.987979
2444 0.989254
2445 0.990389
2446 0.991401
2447 0.992303
2448 0.993108
2449 0.993827
2450 0.994469
2451 0.995042
2452 0.995555
2453 0.996014
2454 0.797139
2455 0.797433
2456 0.797696
2457 0.797932
2458 0.798144
2459 0.975179
2460 0.772711
2461 0.586810
2462 0.414740
2463 0.253946
2464 0.248547
2465 0.257002
2466 0.277955
2467 0.310053
2468 0.351680
2469 0.312952
2470 0.365774
2471 0.412419
2472 0.453670
2473 0.492428
2474 0.546539
2475 0.594620
2476 0.637382
2477 0.675449
2478 0.709369
2479 0.739619
2480 0.766618
2481 0.790735
2482 0.812291
2483 0.831572
2484 0.848828
2485 0.864279
2486 0.878121
2487 0.890528
2488 0.901652
2489 0.911630
2490 0.920583
2491 0.928619
2492 0.935833
2493 0.942311
2494 0.948130
2495 0.953357
2496 0.958054
2497 0.962275
2498 0.966069
2499 0.969479
2500 0.972545
2501 0.975302
2502 0.977781
2503 0.788003
2504 0.596398
2505 0.596759
2506 0.402905
2507 0.207852
2508 0.219540
2509 0.729352
2510 0.086623
2511 0.581240
2512 0.613837
2513 0.631073
2514 0.728699
2515 0.807000
2516 0.853718
2517 0.884575
2518 0.906383
2519 0.738040
2520 0.560977
2521 0.377900
2522 0.190528
2523 0.000004
2524 0.025835
2525 0.072439
2526 0.799817
2527 0.599956
2528 0.399985
2529 0.199995
2530 0.000000
2531 0.047673
2532 0.097159
2533 0.127064
2534 0.125499
2535 0.084917
2536 0.000000
2537 0.028922
2538 0.080293
2539 0.149575
2540 0.233489
2541 0.329591
2542 0.411565
2543 0.481947
2544 0.542719
2545 0.595450
2546 0.641396
2547 0.681578
2548 0.716834
2549 0.747853
2550 0.775213
2551 0.799399
2552 0.820819
2553 0.839824
2554 0.856710
2555 0.871735
2556 0.885119
2557 0.897055
2558 0.907709
2559 0.917227
2560 0.925737
2561 0.933351
2562 0.940167
2563 0.946272
2564 0.951743
2565 0.956648
2566 0.961047
2567 0.964994
2568 0.968536
2569 0.971716
2570 0.974572
2571 0.977137
2572 0.786208
2573 0.787597
2574 0.788845
2575 0.789967
2576 0.595404
2577 0.591847
2578 0.407496
2579 0.235743
2580 0.074701
2581 0.107328
2582 0.136674
2583 0.183119
2584 0.244942
2585 0.320597
2586 0.388657
2587 0.449889
2588 0.504979
2589 0.554545
2590 0.599142
2591 0.639270
2592 0.675377
2593 0.707866
2594 0.737102
2595 0.763410
2596 0.787083
2597 0.808387
2598 0.827558
2599 0.844810
2600 0.860335
2601 0.874307
2602 0.886880
2603 0.898195
2604 0.908379
2605 0.734079
2606 0.740672
2607 0.746606
2608 0.564001
2609 0.378450
2610 0.566841
2611 0.566157
2612 0.565541
2613 0.718354
2614 0.828144
2615 0.805328
2616 0.784794
2617 0.766313
2618 0.657629
2619 0.551019
2620 0.427154
2621 0.288551
2622 0.137397
2623 0.143658
2624 0.169293
2625 0.212365
2626 0.271130
2627 0.404792
2628 0.444313
2629 0.491108
2630 0.492100
2631 0.453982
2632 0.440584
2633 0.382309
2634 0.384078
2635 0.405671
2636 0.466435
2637 0.494990
2638 0.491969
2639 0.450602
2640 0.376588
2641 0.358929
2642 0.363036
2643 0.386733
2644 0.428060
2645 0.485254
2646 0.536729
2647 0.583056
2648 0.624750
2649 0.662276
2650 0.696048
2651 0.726443
2652 0.753799
2653 0.778419
2654 0.800577
2655 0.820520
2656 0.838468
2657 0.854621
2658 0.869159
2659 0.882243
2660 0.894019
2661 0.904617
2662 0.914155
2663 0.922740
2664 0.930466
2665 0.937419
2666 0.943677
2667 0.759448
2668 0.763503
2669 0.767153
2670 0.770437
2671 0.580045
2672 0.417744
2673 0.476979
2674 0.511238
2675 0.466968
2676 0.471539
2677 0.473915
2678 0.475362
2679 0.428997
2680 0.453671
2681 0.472071
2682 0.486257
2683 0.495778
2684 0.523836
2685 0.545436
2686 0.563361
2687 0.578402
2688 0.606170
2689 0.691987
2690 0.704900
2691 0.716051
2692 0.725728
2693 0.734162
2694 0.763943
2695 0.790073
2696 0.813064
2697 0.833345
2698 0.851273
2699 0.867152
2700 0.881241
2701 0.893760
2702 0.904898
2703 0.914821
2704 0.923670
2705 0.931569
2706 0.938626
2707 0.944936
2708 0.950581
2709 0.955635
2710 0.960161
2711 0.964218
2712 0.967855
2713 0.971116
2714 0.974043
2715 0.976670
2716 0.979028
2717 0.981145
2718 0.983047
2719 0.984755
2720 0.986290
2721 0.987670
2722 0.988910
2723 0.990025
2724 0.991027
2725 0.991928
2726 0.992738
2727 0.993467
2728 0.994122
2729 0.994711
2730 0.796193
2731 0.597431
2732 0.398459
2733 0.199307
2734 0.000000
2735 0.096913
2736 0.983436
2737 0.992100
2738 0.995761
2739 0.997447
2740 0.998227
2741 0.998676
2742 0.998966
2743 0.999169
2744 0.999317
2745 0.999431
2746 0.999519
2747 0.999590
2748 0.999648
2749 0.999695
2750 0.999735
2751 0.999769
2752 0.999797
2753 0.999822
2754 0.999843
2755 0.999861
2756 0.999877
2757 0.999891
2758 0.999903
2759 0.999914
2760 0.999923
2761 0.999931
2762 0.999939
2763 0.999945
2764 0.999951
2765 0.999956
2766 0.999961
2767 0.999965
2768 0.999968
2769 0.999972
2770 0.999975
2771 0.999977
2772 0.999980
2773 0.999982
2774 0.999984
2775 0.999985
2776 0.999987
2777 0.999988
2778 0.999989
2779 0.999990
2780 0.999991
2781 0.999992
2782 0.999993
2783 0.999994
2784 0.999994
2785 0.799996
2786 0.599997
2787 0.399998
2788 0.399999
2789 0.199999
2790 0.212041
2791 0.234907
2792 0.267506
2793 0.161382
2794 0.225387
2795 0.282965
2796 0.334762
2797 0.381362
2798 0.443317
2799 0.499059
2800 0.549213
2801 0.594340
2802 0.634945
2803 0.671482
2804 0.704360
2805 0.733945
2806 0.656340
2807 0.670714
2808 0.561216
2809 0.434903
2810 0.294234
2811 0.296812
2812 0.165219
2813 0.188704
2814 0.229845
2815 0.286875
2816 0.338199
2817 0.404392
2818 0.463963
2819 0.517576
2820 0.565825
2821 0.609248
2822 0.648328
2823 0.683499
2824 0.572122
2825 0.446184
2826 0.307711
2827 0.158470
2828 0.000000
2829 0.012735
2830 0.399251
2831 0.199885
2832 0.000000
2833 0.015924
2834 0.000000
2835 0.357006
2836 0.464126
2837 0.529111
2838 0.497806
2839 0.436005
2840 0.316359
2841 0.166838
2842 0.000000
2843 0.034409
2844 0.093079
2845 0.169791
2846 0.260503
2847 0.362467
2848 0.447162
2849 0.518271
2850 0.578508
2851 0.629926
2852 0.674100
2853 0.712262
2854 0.745389
2855 0.774265
2856 0.799527
2857 0.821699
2858 0.841211
2859 0.858426
2860 0.873646
2861 0.887129
2862 0.899093
2863 0.909725
2864 0.919186
2865 0.927615
2866 0.935132
2867 0.941843
2868 0.947839
2869 0.953200
2870 0.957997
2871 0.962291
2872 0.966138
2873 0.969586
2874 0.972676
2875 0.784817
2876 0.594775
2877 0.595303
2878 0.595778
2879 0.402320
2880 0.406121
2881 0.413565
2882 0.261837
2883 0.279765
2884 0.307945
2885 0.333278
2886 0.356053
2887 0.388579
2888 0.363237
2889 0.407057
2890 0.446468
2891 0.481916
2892 0.513801
2893 0.562526
2894 0.606358
2895 0.645791
2896 0.681268
2897 0.713186
2898 0.741904
2899 0.767744
2900 0.790993
2901 0.811913
2902 0.830738
2903 0.847677
2904 0.862919
2905 0.876636
2906 0.888979
2907 0.900087
2908 0.910082
2909 0.919078
2910 0.927173
2911 0.934458
2912 0.941014
2913 0.946914
2914 0.952224
2915 0.957003
2916 0.961303
2917 0.965174
2918 0.968657
2919 0.971791
2920 0.974613
2921 0.977152
2922 0.979437
2923 0.981493
2924 0.983344
2925 0.985010
2926 0.986509
2927 0.987858
2928 0.989072
2929 0.990165
2930 0.991149
2931 0.992034
2932 0.992831
2933 0.993547
2934 0.994193
2935 0.994774
2936 0.995296
2937 0.995767
2938 0.996190
2939 0.797257
2940 0.598149
2941 0.598334
2942 0.598501
2943 0.399101
2944 0.403191
2945 0.410872
2946 0.254993
2947 0.122982
2948 0.170684
2949 0.213616
2950 0.252255
2951 0.307029
2952 0.376327
2953 0.438694
2954 0.494825
2955 0.545343
2956 0.590809
2957 0.631728
2958 0.668555
2959 0.701700
2960 0.731530
2961 0.758377
2962 0.782539
2963 0.804285
2964 0.823857
2965 0.841471
2966 0.857324
2967 0.871592
2968 0.884432
2969 0.895989
2970 0.906390
2971 0.915751
2972 0.924176
2973 0.931759
2974 0.938583
2975 0.944724
2976 0.950252
2977 0.955227
2978 0.959704
2979 0.963734
2980 0.967360
2981 0.970624
2982 0.973562
2983 0.976206
2984 0.978585
2985 0.980727
2986 0.786123
2987 0.590633
2988 0.591570
2989 0.394942
2990 0.197724
2991 0.708590
2992 0.737273
2993 0.765325
2994 0.737526
2995 0.760287
2996 0.771731
2997 0.778587
2998 0.825586
2999 0.858872
3000 0.883563
3001 0.902513
3002 0.917443
3003 0.929448
3004 0.939261
3005 0.947392
3006 0.954204
3007 0.959964
3008 0.964873
3009 0.969084
3010 0.972719
3011 0.975871
3012 0.978616
3013 0.981016
3014 0.983120
3015 0.984972
3016 0.986604
3017 0.988047
3018 0.989324
3019 0.990457
3020 0.991464
3021 0.992360
3022 0.993157
3023 0.993869
3024 0.994503
3025 0.995071
3026 0.995577
3027 0.996031
3028 0.996437
3029 0.996801
3030 0.797701
3031 0.797935
3032 0.798145
3033 0.798333
3034 0.798501
3035 0.363302
3036 0.513885
3037 0.528436
3038 0.458518
3039 0.357724
3040 0.316262
3041 0.317107
3042 0.341778
3043 0.381576
3044 0.431860
3045 0.451650
3046 0.503586
3047 0.545712
3048 0.580389
3049 0.609287
3050 0.659125
3051 0.701440
3052 0.737629
3053 0.768771
3054 0.795712
3055 0.819128
3056 0.839561
3057 0.857454
3058 0.873170
3059 0.887012
3060 0.899231
3061 0.910041
3062 0.919621
3063 0.928126
3064 0.935687
3065 0.942418
3066 0.948416
3067 0.953767
3068 0.958546
3069 0.962816
3070 0.966634
3071 0.970052
3072 0.973112
3073 0.975853
3074 0.978310
3075 0.980513
3076 0.982489
3077 0.984263
3078 0.985855
3079 0.792370
3080 0.597713
3081 0.597944
3082 0.401849
3083 0.204988
3084 0.216559
3085 0.239025
3086 0.098701
3087 0.149051
3088 0.214404
3089 0.273172
3090 0.326020
3091 0.392833
3092 0.422734
3093 0.997062
3094 0.998088
3095 0.798876
3096 0.599341
3097 0.399644
3098 0.199854
3099 0.000004
3100 0.033683
3101 0.091421
3102 0.133759
3103 0.153575
3104 0.399910
3105 0.199977
3106 0.000000
3107 0.058726
3108 0.114142
3109 0.144507
3110 0.139410
3111 0.092671
3112 0.000000
3113 0.030791
3114 0.084722
3115 0.156674
3116 0.243082
3117 0.341374
3118 0.424423
3119 0.495154
3120 0.555804
3121 0.608116
3122 0.653461
3123 0.692938
3124 0.727439
3125 0.757689
3126 0.784290
3127 0.807741
3128 0.828462
3129 0.846807
3130 0.863077
3131 0.877530
3132 0.890385
3133 0.901835
3134 0.912043
3135 0.921153
3136 0.929290
3137 0.936565
3138 0.943072
3139 0.948896
3140 0.954113
3141 0.958788
3142 0.962978
3143 0.966736
3144 0.970107
3145 0.973133
3146 0.975849
3147 0.978288
3148 0.787042
3149 0.788348
3150 0.789521
3151 0.790576
3152 0.595817
3153 0.592216
3154 0.407724
3155 0.235861
3156 0.074735
3157 0.107372
3158 0.136725
3159 0.183180
3160 0.245015
3161 0.320682
3162 0.388751
3163 0.449986
3164 0.505077
3165 0.554642
3166 0.599237
3167 0.639360
3168 0.675463
3169 0.707948
3170 0.737178
3171 0.763481
3172 0.787149
3173 0.808448
3174 0.827614
3175 0.844861
3176 0.860382
3177 0.874350
3178 0.886920
3179 0.898231
3180 0.908411
3181 0.734096
3182 0.740688
3183 0.746621
3184 0.564005
3185 0.378445
3186 0.566844
3187 0.566160
3188 0.565544
3189 0.718361
3190 0.828155
3191 0.805337
3192 0.784801
3193 0.766320
3194 0.657633
3195 0.551020
3196 0.427153
3197 0.288548
3198 0.137392
3199 0.143653
3200 0.169289
3201 0.212361
3202 0.271127
3203 0.404790
3204 0.444312
3205 0.491108
3206 0.492100
3207 0.453983
3208 0.440584
3209 0.382310
3210 0.384079
3211 0.405671
3212 0.466435
3213 0.494990
3214 0.491968
3215 0.450601
3216 0.376588
3217 0.358929
3218 0.363036
3219 0.386732
3220 0.428059
3221 0.485254
3222 0.536728
3223 0.583056
3224 0.624750
3225 0.662275
3226 0.696048
3227 0.726443
3228 0.753799
3229 0.778419
3230 0.800577
3231 0.820520
3232 0.838468
3233 0.854621
3234 0.869159
3235 0.882243
3236 0.894019
3237 0.904617
3238 0.914155
3239 0.922740
3240 0.930466
3241 0.937419
3242 0.943677
3243 0.759448
3244 0.763503
3245 0.767153
3246 0.770437
3247 0.580045
3248 0.455827
3249 0.495129
3250 0.522128
3251 0.461640
3252 0.467743
3253 0.471049
3254 0.473113
3255 0.423552
3256 0.448758
3257 0.467703
3258 0.482389
3259 0.490082
3260 0.520649
3261 0.542501
3262 0.560683
3263 0.575968
3264 0.603883
3265 0.688563
3266 0.701826
3267 0.713293
3268 0.723254
3269 0.731942
3270 0.761890
3271 0.788184
3272 0.811332
3273 0.831761
3274 0.849828
3275 0.865837
3276 0.880045
3277 0.892674
3278 0.903914
3279 0.913930
3280 0.922864
3281 0.930840
3282 0.937967
3283 0.944340
3284 0.950043
3285 0.955149
3286 0.959723
3287 0.963823
3288 0.967498
3289 0.970795
3290 0.973754
3291 0.976409
3292 0.978793
3293 0.980933
3294 0.982856
3295 0.984583
3296 0.986136
3297 0.987531
3298 0.988784
3299 0.989912
3300 0.990925
3301 0.991836
3302 0.992655
3303 0.993392
3304 0.994055
3305 0.994651
3306 0.796150
3307 0.597402
3308 0.398441
3309 0.199299
3310 0.000000
3311 0.481916
3312 0.537206
3313 0.591059
3314 0.669142
3315 0.765486
3316 0.822814
3317 0.860661
3318 0.887388
3319 0.907172
3320 0.922333
3321 0.934262
3322 0.943845
3323 0.951673
3324 0.958155
3325 0.963582
3326 0.968169
3327 0.972076
3328 0.975428
3329 0.978320
3330 0.980827
3331 0.983010
3332 0.984918
3333 0.986591
3334 0.988062
3335 0.989359
3336 0.990506
3337 0.991521
3338 0.992421
3339 0.993221
3340 0.993932
3341 0.994566
3342 0.995131
3343 0.995635
3344 0.996086
3345 0.996488
3346 0.996848
3347 0.997171
3348 0.997460
3349 0.997718
3350 0.997950
3351 0.998158
3352 0.998345
3353 0.998513
3354 0.998663
3355 0.998798
3356 0.998919
3357 0.999028
3358 0.999126
3359 0.999214
3360 0.999293
3361 0.799491
3362 0.599657
3363 0.399794
3364 0.399815
3365 0.199917
3366 0.211962
3367 0.234828
3368 0.267426
3369 0.161338
3370 0.225332
3371 0.282903
3372 0.334696
3373 0.381294
3374 0.443246
3375 0.498987
3376 0.549142
3377 0.594271
3378 0.634879
3379 0.671419
3380 0.704300
3381 0.733889
3382 0.656295
3383 0.670673
3384 0.561185
3385 0.434881
3386 0.294221
3387 0.296800
3388 0.165213
3389 0.188698
3390 0.229838
3391 0.286867
3392 0.338190
3393 0.404383
3394 0.463954
3395 0.517567
3396 0.565816
3397 0.609240
3398 0.648320
3399 0.683491
3400 0.572118
3401 0.446183
3402 0.307713
3403 0.158475
3404 0.000005
3405 0.012005
3406 0.023088
3407 0.199962
3408 0.000000
3409 0.019324
3410 0.000000
3411 0.363481
3412 0.470512
3413 0.533458
3414 0.500488
3415 0.437703
3416 0.317301
3417 0.167231
3418 0.000000
3419 0.034463
3420 0.093203
3421 0.169983
3422 0.260755
3423 0.362769
3424 0.447486
3425 0.518597
3426 0.578827
3427 0.630231
3428 0.674387
3429 0.712530
3430 0.745637
3431 0.774493
3432 0.799737
3433 0.821890
3434 0.841386
3435 0.858585
3436 0.873790
3437 0.887260
3438 0.899211
3439 0.909832
3440 0.919283
3441 0.927703
3442 0.935212
3443 0.941915
3444 0.947904
3445 0.953259
3446 0.958050
3447 0.962339
3448 0.966181
3449 0.969624
3450 0.972711
3451 0.784842
3452 0.594792
3453 0.595319
3454 0.595792
3455 0.402329
3456 0.406128
3457 0.413572
3458 0.261841
3459 0.279768
3460 0.307949
3461 0.333281
3462 0.356056
3463 0.388583
3464 0.363240
3465 0.407060
3466 0.446471
3467 0.481919
3468 0.513803
3469 0.562528
3470 0.606361
3471 0.645794
3472 0.681270
3473 0.713189
3474 0.741906
3475 0.767746
3476 0.790995
3477 0.811915
3478 0.830739
3479 0.847678
3480 0.862921
3481 0.876637
3482 0.888980
3483 0.900088
3484 0.910083
3485 0.919079
3486 0.927174
3487 0.934459
3488 0.941015
3489 0.946915
3490 0.952225
3491 0.957003
3492 0.961304
3493 0.965174
3494 0.968657
3495 0.971792
3496 0.974613
3497 0.977152
3498 0.979437
3499 0.981493
3500 0.983344
3501 0.985010
3502 0.986509
3503 0.987858
3504 0.989072
3505 0.990165
3506 0.991149
3507 0.992034
3508 0.992831
3509 0.993548
3510 0.994193
3511 0.994774
3512 0.995296
3513 0.995767
3514 0.996190
3515 0.797257
3516 0.598149
3517 0.598334
3518 0.598501
3519 0.399101
3520 0.403191
3521 0.410872
3522 0.254993
3523 0.122982
3524 0.170684
3525 0.213616
3526 0.252255
3527 0.307029
3528 0.376327
3529 0.438694
3530 0.494825
3531 0.545343
3532 0.590809
3533 0.631728
3534 0.668555
3535 0.701700
3536 0.731530
3537 0.758377
3538 0.782539
3539 0.804285
3540 0.823857
3541 0.841471
3542 0.857324
3543 0.871592
3544 0.884432
3545 0.895989
3546 0.906390
3547 0.915751
3548 0.924176
3549 0.931759
3550 0.938583
3551 0.944724
3552 0.950252
3553 0.955227
3554 0.959704
3555 0.963734
3556 0.967360
3557 0.970624
3558 0.973562
3559 0.976206
3560 0.978585
3561 0.980727
3562 0.786123
3563 0.590633
3564 0.591570
3565 0.394942
3566 0.197724
3567 0.701247
3568 0.732140
3569 0.760470
3570 0.733215
3571 0.757456
3572 0.769683
3573 0.777021
3574 0.824278
3575 0.857771
3576 0.882628
3577 0.901713
3578 0.916754
3579 0.928851
3580 0.938743
3581 0.946939
3582 0.953806
3583 0.959614
3584 0.964564
3585 0.968812
3586 0.972477
3587 0.975656
3588 0.978425
3589 0.980846
3590 0.982969
3591 0.984837
3592 0.986484
3593 0.987939
3594 0.989228
3595 0.990371
3596 0.991387
3597 0.992291
3598 0.993095
3599 0.993813
3600 0.994454
3601 0.995026
3602 0.995537
3603 0.995995
3604 0.996405
3605 0.996772
3606 0.797680
3607 0.797916
3608 0.798128
3609 0.798317
3610 0.798488
3611 0.510087
3612 0.581857
3613 0.542437
3614 0.451076
3615 0.343523
3616 0.308359
3617 0.310850
3618 0.335658
3619 0.375117
3620 0.424960
3621 0.440276
3622 0.492754
3623 0.535611
3624 0.571088
3625 0.600790
3626 0.651091
3627 0.693940
3628 0.730689
3629 0.762389
3630 0.789871
3631 0.813800
3632 0.834714
3633 0.853052
3634 0.869180
3635 0.883399
3636 0.895963
3637 0.907087
3638 0.916953
3639 0.925718
3640 0.933514
3641 0.940458
3642 0.946649
3643 0.952174
3644 0.957109
3645 0.961521
3646 0.965468
3647 0.969001
3648 0.972165
3649 0.975001
3650 0.977542
3651 0.979822
3652 0.981867
3653 0.983702
3654 0.985350
3655 0.792098
3656 0.597632
3657 0.597870
3658 0.401915
3659 0.205167
3660 0.216717
3661 0.239161
3662 0.098898
3663 0.149219
3664 0.214543
3665 0.273288
3666 0.326119
3667 0.393458
3668 0.439632
3669 0.997819
3670 0.998663
3671 0.799234
3672 0.599557
3673 0.399763
3674 0.199904
3675 0.000004
3676 0.034498
3677 0.093277
3678 0.136065
3679 0.155982
3680 0.399899
3681 0.199975
3682 0.000000
3683 0.059006
3684 0.114552
3685 0.144914
3686 0.139727
3687 0.092844
3688 0.000000
3689 0.030831
3690 0.084817
3691 0.156827
3692 0.243287
3693 0.341624
3694 0.424694
3695 0.495431
3696 0.556079
3697 0.608380
3698 0.653712
3699 0.693175
3700 0.727659
3701 0.757893
3702 0.784478
3703 0.807913
3704 0.828620
3705 0.846951
3706 0.863208
3707 0.877649
3708 0.890494
3709 0.901933
3710 0.912132
3711 0.921233
3712 0.929363
3713 0.936631
3714 0.943131
3715 0.948950
3716 0.954162
3717 0.958831
3718 0.963018
3719 0.966772
3720 0.970140
3721 0.973162
3722 0.975875
3723 0.978312
3724 0.787059
3725 0.788363
3726 0.789535
3727 0.790588
3728 0.595825
3729 0.592224
3730 0.407729
3731 0.235864
3732 0.074735
3733 0.107373
3734 0.136726
3735 0.183181
3736 0.245017
3737 0.320684
3738 0.388753
3739 0.449988
3740 0.505079
3741 0.554644
3742 0.599238
3743 0.639362
3744 0.675465
3745 0.707949
3746 0.737180
3747 0.763482
3748 0.787151
3749 0.808449
3750 0.827615
3751 0.844862
3752 0.860383
3753 0.874351
3754 0.886920
3755 0.898232
3756 0.908412
3757 0.734097
3758 0.740689
3759 0.746621
3760 0.564005
3761 0.378445
3762 0.566844
3763 0.566160
3764 0.565544
3765 0.718361
3766 0.828155
3767 0.805337
3768 0.784802
3769 0.766320
3770 0.657633
3771 0.551020
3772 0.427153
3773 0.288548
3774 0.137392
3775 0.143653
3776 0.169289
3777 0.212361
3778 0.271127
3779 0.404790
3780 0.444312
3781 0.491108
3782 0.492100
3783 0.453983
3784 0.440584
3785 0.382310
3786 0.384079
3787 0.405671
3788 0.466435
3789 0.494990
3790 0.491968
3791 0.450601
3792 0.376588
3793 0.358929
3794 0.363036
3795 0.386732
3796 0.428059
3797 0.485254
3798 0.536728
3799 0.583056
3800 0.624750
3801 0.662275
3802 0.696048
3803 0.726443
3804 0.753799
3805 0.778419
3806 0.800577
3807 0.820520
3808 0.838468
3809 0.854621
3810 0.869159
3811 0.882243
3812 0.894019
3813 0.904617
3814 0.914155
3815 0.922740
3816 0.930466
3817 0.937419
3818 0.943677
3819 0.759448
3820 0.763503
3821 0.767153
3822 0.770437
3823 0.580045
3824 0.458194
3825 0.496406
3826 0.523010
3827 0.461204
3828 0.467422
3829 0.470803
3830 0.472918
3831 0.423077
3832 0.448329
3833 0.467321
3834 0.482049
3835 0.489581
3836 0.520368
3837 0.542244
3838 0.560448
3839 0.575755
3840 0.603679
3841 0.688255
3842 0.701547
3843 0.713041
3844 0.723028
3845 0.731739
3846 0.761703
3847 0.788011
3848 0.811173
3849 0.831613
3850 0.849689
3851 0.865706
3852 0.879922
3853 0.892557
3854 0.903802
3855 0.913823
3856 0.922762
3857 0.930744
3858 0.937876
3859 0.944255
3860 0.949964
3861 0.955076
3862 0.959655
3863 0.963761
3864 0.967442
3865 0.970744
3866 0.973707
3867 0.976367
3868 0.978756
3869 0.980900
3870 0.982827
3871 0.984558
3872 0.986113
3873 0.987510
3874 0.988767
3875 0.989896
3876 0.990911
3877 0.991824
3878 0.992645
3879 0.993383
3880 0.994047
3881 0.994644
3882 0.796145
3883 0.597398
3884 0.398439
3885 0.199298
3886 0.000000
3887 0.281809
3888 0.359899
3889 0.458071
3890 0.564778
3891 0.676833
3892 0.748719
3893 0.798517
3894 0.834876
3895 0.862455
3896 0.883985
3897 0.901173
3898 0.915142
3899 0.926661
3900 0.936272
3901 0.944372
3902 0.951256
3903 0.957148
3904 0.962222
3905 0.966615
3906 0.970434
3907 0.973769
3908 0.976690
3909 0.979256
3910 0.981517
3911 0.983514
3912 0.985281
3913 0.986847
3914 0.988238
3915 0.989474
3916 0.990575
3917 0.991557
3918 0.992432
3919 0.993214
3920 0.993913
3921 0.994538
3922 0.995097
3923 0.995598
3924 0.996046
3925 0.996449
3926 0.996809
3927 0.997133
3928 0.997423
3929 0.997684
3930 0.997918
3931 0.998128
3932 0.998317
3933 0.998486
3934 0.998639
3935 0.998776
3936 0.998899
3937 0.799207
3938 0.599465
3939 0.399679
3940 0.399711
3941 0.199870
3942 0.211917
3943 0.234784
3944 0.267381
3945 0.161314
3946 0.225301
3947 0.282868
3948 0.334659
3949 0.381256
3950 0.443206
3951 0.498947
3952 0.549102
3953 0.594232
3954 0.634841
3955 0.671383
3956 0.704266
3957 0.733857
3958 0.656270
3959 0.670649
3960 0.561168
3961 0.434869
3962 0.294214
3963 0.296793
3964 0.165210
3965 0.188695
3966 0.229835
3967 0.286863
3968 0.338186
3969 0.404378
3970 0.463949
3971 0.517561
3972 0.565811
3973 0.609235
3974 0.648315
3975 0.683487
3976 0.572116
3977 0.446183
3978 0.307715
3979 0.158478
3980 0.000008
3981 0.012007
3982 0.023082
3983 0.199988
3984 0.000000
3985 0.019263
3986 0.000000
3987 0.363534
3988 0.470505
3989 0.533446
3990 0.500481
3991 0.437698
3992 0.317298
3993 0.167230
3994 0.000000
3995 0.034463
3996 0.093203
3997 0.169982
3998 0.260755
3999 0.362768
4000 0.447485
4001 0.518596
4002 0.578826
4003 0.630230
4004 0.674386
4005 0.712529
4006 0.745636
4007 0.774493
4008 0.799736
4009 0.821889
4010 0.841385
4011 0.858584
4012 0.873790
4013 0.887259
4014 0.899211
4015 0.909832
4016 0.919283
4017 0.927702
4018 0.935211
4019 0.941915
4020 0.947904
4021 0.953258
4022 0.958049
4023 0.962339
4024 0.966181
4025 0.969624
4026 0.972711
4027 0.784842
4028 0.594792
4029 0.595319
4030 0.595792
4031 0.402329
4032 0.406128
4033 0.413572
4034 0.261841
4035 0.279768
4036 0.307949
4037 0.333281
4038 0.356056
4039 0.388583
4040 0.363240
4041 0.407060
4042 0.446471
4043 0.481919
4044 0.513803
4045 0.562528
4046 0.606361
4047 0.645794
4048 0.681270
4049 0.713189
4050 0.741906
4051 0.767746
4052 0.790995
4053 0.811915
4054 0.830739
4055 0.847678
4056 0.862921
4057 0.876637
4058 0.888980
4059 0.900088
4060 0.910083
4061 0.919079
4062 0.927174
4063 0.934459
4064 0.941015
4065 0.946915
4066 0.952225
4067 0.957003
4068 0.961304
4069 0.965174
4070 0.968657
4071 0.971792
4072 0.974613
4073 0.977152
4074 0.979437
4075 0.981493
4076 0.983344
4077 0.985010
4078 0.986509
4079 0.987858
4080 0.989072
4081 0.990165
4082 0.991149
4083 0.992034
4084 0.992831
4085 0.993548
4086 0.994193
4087 0.994774
4088 0.995296
4089 0.995767
4090 0.996190
4091 0.797257
4092 0.598149
4093 0.598334
4094 0.598501
4095 0.399101
4096 0.403191
4097 0.410872
4098 0.254993
4099 0.122982
4100 0.170684
4101 0.213616
4102 0.252255
4103 0.307029
4104 0.376327
4105 0.438694
4106 0.494825
4107 0.545343
4108 0.590809
4109 0.631728
4110 0.668555
4111 0.701700
4112 0.731530
4113 0.758377
4114 0.782539
4115 0.804285
4116 0.823857
4117 0.841471
4118 0.857324
4119 0.871592
4120 0.884432
4121 0.895989
4122 0.906390
4123 0.915751
4124 0.924176
4125 0.931759
4126 0.938583
4127 0.944724
4128 0.950252
4129 0.955227
4130 0.959704
4131 0.963734
4132 0.967360
4133 0.970624
4134 0.973562
4135 0.976206
4136 0.978585
4137 0.980727
4138 0.786123
4139 0.590633
4140 0.591570
4141 0.394942
4142 0.197724
4143 0.701386
4144 0.732237
4145 0.760563
4146 0.733297
4147 0.757510
4148 0.769722
4149 0.777051
4150 0.824303
4151 0.857792
4152 0.882645
4153 0.901729
4154 0.916767
4155 0.928863
4156 0.938752
4157 0.946947
4158 0.953814
4159 0.959621
4160 0.964570
4161 0.968817
4162 0.972482
4163 0.975661
4164 0.978429
4165 0.980849
4166 0.982972
4167 0.984839
4168 0.986486
4169 0.987941
4170 0.989230
4171 0.990373
4172 0.991388
4173 0.992292
4174 0.993097
4175 0.993814
4176 0.994455
4177 0.995027
4178 0.995538
4179 0.995996
4180 0.996405
4181 0.996772
4182 0.797681
4183 0.797917
4184 0.798128
4185 0.798318
4186 0.798488
4187 0.143526
4188 0.445411
4189 0.513588
4190 0.465889
4191 0.370689
4192 0.323158
4193 0.322412
4194 0.346865
4195 0.386868
4196 0.437451
4197 0.460789
4198 0.512231
4199 0.553729
4200 0.587739
4201 0.615976
4202 0.665429
4203 0.707309
4204 0.743047
4205 0.773743
4206 0.800256
4207 0.823267
4208 0.843322
4209 0.860865
4210 0.876259
4211 0.889806
4212 0.901756
4213 0.912322
4214 0.921680
4215 0.929984
4216 0.937363
4217 0.943928
4218 0.949778
4219 0.954994
4220 0.959651
4221 0.963812
4222 0.967532
4223 0.970860
4224 0.973839
4225 0.976508
4226 0.978900
4227 0.981045
4228 0.982968
4229 0.984693
4230 0.986242
4231 0.792580
4232 0.597776
4233 0.598001
4234 0.401798
4235 0.204851
4236 0.216438
4237 0.238920
4238 0.098549
4239 0.148922
4240 0.214296
4241 0.273080
4242 0.325927
4243 0.388449
4244 0.995655
4245 0.997573
4246 0.998325
4247 0.798990
4248 0.599399
4249 0.399673
4250 0.199865
4251 0.000003
4252 0.032639
4253 0.089023
4254 0.130761
4255 0.150583
4256 0.399913
4257 0.199978
4258 0.000000
4259 0.058629
4260 0.114001
