10 1.106470
11 1.093501
12 1.023652
13 0.339856
14 0.145751
15 0.074661
16 0.043990
17 0.029060
18 0.021101
19 0.016177
20 0.012846
21 0.010454
22 0.008662
23 0.007276
24 0.006178
25 0.005290
26 0.004562
27 0.003957
28 0.003449
29 0.003018
30 0.002650
31 0.002334
32 0.002061
33 0.001824
34 0.001617
35 0.001436
36 0.001278
37 0.001138
38 0.001015
39 0.000905
40 0.000809
41 0.000723
42 0.000647
43 0.000579
44 0.000519
45 0.000465
46 0.000417
47 0.000374
48 0.000335
49 0.000301
50 0.000270
51 0.000243
52 0.000218
53 0.000196
54 0.000176
55 0.000158
56 0.000142
57 0.000128
58 0.000115
59 21.974264
60 44.160842
61 44.373088
62 44.585182
63 67.195671
64 11.745044
65 8.753500
66 9.787020
67 10.715283
68 8.990121
69 8.034867
70 7.191888
71 6.216417
72 4.266308
73 3.459076
74 2.853920
75 2.387859
76 2.021371
77 1.727916
78 1.489217
79 1.292387
80 1.128145
81 0.989678
82 0.871891
83 0.770914
84 0.683760
85 0.608092
86 0.542057
87 0.484167
88 0.433217
89 0.388219
90 0.348355
91 0.312945
92 0.281416
93 0.253282
94 0.228131
95 0.205607
96 0.185407
97 0.167265
98 0.150952
99 0.136268
100 0.123036
101 0.111103
102 0.100334
103 0.090607
104 0.081818
105 0.073871
106 27.092770
107 54.322779
108 54.527367
109 82.074426
110 109.832836
111 15.853806
112 4.920247
113 4.379747
114 3.337072
115 2.488221
116 2.081660
117 1.807697
118 1.379026
119 1.092282
120 0.887811
121 0.735305
122 0.617718
123 0.524718
124 0.449678
125 0.388147
126 0.337025
127 0.294086
128 0.257689
129 0.226598
130 0.199865
131 0.176747
132 0.156658
133 0.139128
134 0.123773
135 0.110280
136 0.098390
137 0.087885
138 0.078585
139 0.070334
140 0.063002
141 0.056476
142 0.050659
143 0.045469
144 0.040832
145 0.036686
146 0.032975
147 0.029651
148 0.026672
149 0.024000
150 32.338344
151 32.441454
152 32.544516
153 32.647528
154 32.750490
155 0.119136
156 3.440104
157 5.987645
158 8.128747
159 10.595324
160 11.015119
161 10.229782
162 8.866725
163 7.486553
164 6.940773
165 7.452102
166 7.009339
167 1.982373
168 1.947678
169 1.569949
170 1.177894
171 0.922758
172 0.745962
173 0.616878
174 0.518847
175 0.442118
176 0.380625
177 0.330401
178 0.288746
179 0.253759
180 0.224061
181 0.198627
182 0.176679
183 0.157617
184 0.140969
185 0.126359
186 0.113482
187 0.102092
188 0.091984
189 0.082988
190 0.074961
191 0.067784
192 0.061352
193 0.055579
194 0.050388
195 0.045715
196 0.041502
197 0.037699
198 0.034263
199 5.118684
200 10.392807
201 10.578774
202 16.134488
203 21.876571
204 2.966233
205 2.583901
206 2.061716
207 2.044061
208 1.715593
209 1.546558
210 1.442648
211 1.114248
212 0.889647
213 0.726993
214 0.604308
215 12.715372
216 25.184260
217 37.976864
218 51.068177
219 64.439382
220 18.586462
221 13.330134
222 24.574352
223 30.439798
224 48.739389
225 67.157369
226 85.862556
227 14.769930
228 36.733896
229 62.107281
230 89.264276
231 117.610105
232 146.849405
233 17.588899
234 12.490323
235 9.393368
236 7.179638
237 5.467447
238 4.366817
239 3.586069
240 2.999721
241 2.542566
242 2.176555
243 1.877666
244 1.629833
245 1.421829
246 1.245530
247 1.094889
248 0.965301
249 0.853188
250 0.755721
251 0.670636
252 0.596092
253 0.530581
254 0.472853
255 0.421863
256 0.376730
257 0.336709
258 0.301164
259 0.269549
260 0.241394
261 0.216293
262 0.193892
263 0.173883
264 0.155996
265 0.139995
266 0.125673
267 0.112845
268 4.402199
269 4.500144
270 4.598857
271 4.698256
272 9.530459
273 7.254411
274 9.390036
275 11.270665
276 12.970290
277 11.158371
278 9.949911
279 8.487305
280 7.032960
281 5.687225
282 4.724717
283 3.993260
284 3.415732
285 2.947622
286 2.560909
287 2.236807
288 1.962121
289 1.727226
290 1.524899
291 1.349580
292 1.196906
293 1.063393
294 0.946221
295 0.843074
296 0.752036
297 0.671503
298 0.600122
299 0.536743
300 0.480385
301 8.825726
302 8.895325
303 8.968772
304 17.781365
305 26.820489
306 8.025064
307 6.790374
308 6.121205
309 2.951292
310 0.942811
311 1.082503
312 1.211649
313 1.330802
314 2.610532
315 4.034468
316 5.735453
317 7.701934
318 9.924495
319 9.701694
320 8.880693
321 7.747295
322 6.525818
323 4.702295
324 4.109535
325 3.563188
326 3.551359
327 3.984761
328 4.162726
329 4.807621
330 4.784538
331 4.511062
332 3.832430
333 3.519236
334 3.557857
335 4.030937
336 4.883020
337 5.123154
338 5.066265
339 4.750109
340 4.242465
341 3.615417
342 3.111314
343 2.697362
344 2.352016
345 2.060369
346 1.811684
347 1.597975
348 1.413148
349 1.252451
350 1.112111
351 0.989088
352 0.880897
353 0.785487
354 0.701147
355 0.626439
356 0.560143
357 0.501219
358 0.448775
359 0.402041
360 0.360351
361 0.323124
362 0.289856
363 19.500668
364 19.578400
365 19.658396
366 19.740409
367 39.479326
368 5.696872
369 3.685608
370 3.371217
371 4.154704
372 4.004064
373 3.932845
374 3.891668
375 4.360137
376 4.013480
377 3.783717
378 3.621616
379 3.526045
380 3.251263
381 3.072699
382 2.942007
383 2.844391
384 2.693781
385 1.848268
386 1.754929
387 1.675682
388 1.607902
389 1.549564
390 1.350240
391 1.181634
392 1.037818
393 0.914290
394 0.807564
395 0.714891
396 0.634075
397 0.563339
398 0.501226
399 0.446532
400 0.398253
401 0.355545
402 0.317695
403 0.284093
404 0.254219
405 0.227625
406 0.203923
407 0.182777
408 0.163894
409 0.147018
410 0.131924
411 0.118417
412 0.106321
413 0.095484
414 0.085771
415 0.077060
416 0.069247
417 0.062235
418 0.055942
419 0.050291
420 0.045216
421 0.040658
422 0.036562
423 0.032881
424 0.029574
425 0.026601
426 23.243667
427 46.672575
428 70.313186
429 94.165378
430 118.229044
431 0.381243
432 0.243318
433 0.154192
434 0.097428
435 0.060274
436 0.042335
437 0.031815
438 0.024931
439 0.020099
440 0.016538
441 0.013817
442 0.011682
443 0.009970
444 0.008574
445 0.007420
446 0.006454
447 0.005639
448 0.004945
449 0.004350
450 0.003837
451 0.003393
452 0.003006
453 0.002668
454 0.002371
455 0.002111
456 0.001881
457 0.001678
458 0.001499
459 0.001340
460 0.001198
461 0.001072
462 0.000960
463 0.000860
464 0.000771
465 0.000692
466 0.000620
467 0.000557
468 0.000500
469 0.000449
470 0.000403
471 0.000362
472 0.000325
473 0.000292
474 0.000263
475 0.000236
476 0.000212
477 0.000191
478 0.000172
479 0.000154
480 0.000139
481 67.517433
482 135.246618
483 203.187517
484 203.505006
485 271.763111
486 15.654708
487 11.436895
488 8.858185
489 9.119915
490 7.449684
491 6.312173
492 5.471679
493 4.820034
494 4.067355
495 3.475157
496 2.996348
497 2.601521
498 2.271085
499 1.991340
500 1.752331
501 1.546610
502 2.524258
503 2.505630
504 3.927375
505 5.620809
506 7.575465
507 7.472631
508 9.002441
509 8.337892
510 7.351765
511 6.243563
512 5.420621
513 4.526863
514 3.839755
515 3.293004
516 2.847356
517 2.477651
518 2.166796
519 1.902654
520 16.049092
521 30.515436
522 45.280969
523 60.329368
524 85.996446
525 43.744810
526 48.651390
527 83.851908
528 117.006755
529 78.363663
530 98.708069
531 5.117985
532 3.807620
533 3.164272
534 27.697899
535 53.221052
536 79.674005
537 106.719252
538 134.209978
539 16.843657
540 11.868510
541 8.863381
542 6.723506
543 5.072226
544 4.022529
545 3.284861
546 2.735262
547 2.309669
548 1.970920
549 1.695696
550 1.468493
551 1.278537
552 1.118078
553 0.981380
554 0.864093
555 0.762856
556 0.675025
557 0.598491
558 0.531546
559 0.472799
560 0.421096
561 0.375479
562 0.335144
563 0.299410
564 0.267698
565 0.239512
566 0.214428
567 0.192078
568 0.172142
569 0.154343
570 0.138438
571 3.902916
572 7.887620
573 8.094128
574 8.301082
575 12.722280
576 10.280916
577 8.116806
578 9.186165
579 8.205838
580 7.054525
581 6.265809
582 5.685816
583 5.005485
584 5.063484
585 4.493992
586 4.031921
587 3.649916
588 3.329588
589 2.876581
590 2.501411
591 2.186385
592 1.918989
593 1.690055
594 1.492668
595 1.321491
596 1.172324
597 1.041804
598 0.927201
599 0.826276
600 0.737167
601 0.658315
602 0.588406
603 0.526319
604 0.471099
605 0.421921
606 0.378074
607 0.338942
608 0.303985
609 0.272733
610 0.244774
611 0.219745
612 0.197326
613 0.177236
614 0.159224
615 0.143069
616 0.128575
617 0.115566
618 0.103887
619 0.093400
620 0.083980
621 0.075518
622 0.067914
623 0.061081
624 0.054939
625 0.049417
626 0.044453
627 0.039990
628 0.035976
629 0.032367
630 0.029121
631 0.026201
632 0.023575
633 0.021212
634 0.019087
635 12.870286
636 25.933089
637 26.142885
638 26.352773
639 39.838486
640 11.780350
641 8.665212
642 9.633634
643 10.478586
644 8.839703
645 7.717877
646 6.886582
647 5.904059
648 4.886488
649 4.119762
650 3.517755
651 3.031704
652 2.631316
653 2.296483
654 2.013182
655 1.771249
656 1.563087
657 1.382874
658 1.226056
659 1.089006
660 0.968793
661 0.863018
662 0.769697
663 0.687171
664 0.614045
665 0.549134
666 0.491426
667 0.440052
668 0.394263
669 0.353408
670 0.316921
671 0.284310
672 0.255140
673 0.229032
674 0.205651
675 0.184701
676 0.165921
677 0.149079
678 0.133969
679 0.120410
680 0.108238
681 0.097308
682 23.900582
683 47.902723
684 48.092331
685 72.391845
686 96.888763
687 2.533888
688 2.687382
689 1.355272
690 1.539783
691 1.380741
692 1.302798
693 1.256724
694 0.962010
695 0.763406
696 0.621066
697 0.514526
698 0.432178
699 0.366939
700 0.314240
701 0.271000
702 0.235063
703 0.204878
704 0.179296
705 0.157453
706 0.138680
707 0.122458
708 0.108373
709 0.096092
710 0.085347
711 0.075914
712 0.067611
713 0.060285
714 0.053807
715 0.048068
716 0.042975
717 0.038449
718 0.034421
719 0.030831
720 0.027630
721 0.024772
722 0.022219
723 0.019936
724 0.017893
725 0.016064
726 22.232581
727 22.364801
728 22.496038
729 22.626218
730 22.755289
731 2.027943
732 2.549748
733 3.705363
734 5.007772
735 6.359192
736 7.329572
737 7.184168
738 6.383081
739 5.414944
740 4.508560
741 4.244131
742 3.660564
743 3.226762
744 2.892115
745 2.626887
746 2.214935
747 1.887781
748 1.622494
749 1.403863
750 1.221343
751 1.067364
752 0.936333
753 0.824021
754 0.727163
755 0.643197
756 0.570079
757 0.506163
758 0.450102
759 0.400788
760 0.357297
761 0.318857
762 0.284812
763 0.254609
764 0.227772
765 0.203894
766 0.182623
767 0.163653
768 0.146719
769 0.131590
770 0.118064
771 0.105962
772 0.095128
773 0.085423
774 0.076726
775 4.346153
776 8.831758
777 9.040382
778 13.848823
779 18.871552
780 14.307545
781 10.968804
782 11.556909
783 9.505276
784 7.692513
785 6.483737
786 5.600889
787 4.694788
788 0.007067
789 0.003778
790 0.002568
791 11.627954
792 23.824812
793 36.467509
794 49.484391
795 62.830146
796 17.072029
797 12.061154
798 24.259194
799 38.441345
800 42.449874
801 59.664364
802 76.913932
803 14.185454
804 30.379039
805 49.924686
806 71.226096
807 93.699509
808 117.055261
809 17.405826
810 12.344560
811 9.270201
812 7.073744
813 5.375589
814 4.286622
815 3.515747
816 2.937847
817 2.487970
818 2.128265
819 1.834868
820 1.591835
821 1.388041
822 1.215444
823 1.068069
824 0.941368
825 0.831810
826 0.736611
827 0.653540
828 0.580789
829 0.516876
830 0.460571
831 0.410852
832 0.366855
833 0.327849
834 0.293212
835 0.262410
836 0.234984
837 0.210536
838 0.188720
839 0.169235
840 0.151820
841 0.136242
842 0.122299
843 0.109812
844 4.399374
845 4.497595
846 4.596555
847 4.696175
848 9.528480
849 7.252752
850 9.388549
851 11.269328
852 12.969088
853 11.157300
854 9.948952
855 8.486446
856 7.032190
857 5.686533
858 4.724096
859 3.992701
860 3.415229
861 2.947171
862 2.560502
863 2.236442
864 1.961792
865 1.726930
866 1.524633
867 1.349341
868 1.196690
869 1.063199
870 0.946046
871 0.842917
872 0.751895
873 0.671376
874 0.600007
875 0.536640
876 0.480292
877 8.906674
878 8.976281
879 9.049736
880 17.943367
881 27.063528
882 8.025919
883 6.790759
884 6.121436
885 2.951330
886 0.942778
887 1.082473
888 1.211623
889 1.330778
890 2.610529
891 4.034486
892 5.735492
893 7.701993
894 9.924574
895 9.701761
896 8.880742
897 7.747328
898 6.525840
899 4.702305
900 4.109541
901 3.563189
902 3.551357
903 3.984757
904 4.162722
905 4.807616
906 4.784534
907 4.511059
908 3.832428
909 3.519235
910 3.557857
911 4.030938
912 4.883023
913 5.123157
914 5.066268
915 4.750111
916 4.242467
917 3.615418
918 3.111315
919 2.697362
920 2.352016
921 2.060369
922 1.811684
923 1.597975
924 1.413148
925 1.252451
926 1.112112
927 0.989088
928 0.880897
929 0.785487
930 0.701147
931 0.626439
932 0.560143
933 0.501219
934 0.448775
935 0.402041
936 0.360351
937 0.323124
938 0.289856
939 19.724341
940 19.797365
941 19.872689
942 19.950064
943 39.889417
944 4.547881
945 3.531132
946 3.365688
947 4.258205
948 4.068855
949 3.978356
950 3.925788
951 4.410602
952 4.053528
953 3.816102
954 3.648217
955 3.562549
956 3.269139
957 3.087179
958 2.953764
959 2.853953
960 2.700803
961 1.864297
962 1.769061
963 1.688169
964 1.618958
965 1.559373
966 1.358971
967 1.189430
968 1.044817
969 0.920636
970 0.813422
971 0.720463
972 0.639606
973 0.569125
974 0.507607
975 0.453878
976 0.406943
977 0.365937
978 0.330098
979 0.298748
980 0.271282
981 0.247163
982 0.225914
983 0.207122
984 0.190426
985 0.175519
986 0.162137
987 0.150060
988 0.139101
989 0.129102
990 0.119934
991 0.001937
992 0.001787
993 0.001650
994 0.001524
995 0.001409
996 0.001302
997 0.001202
998 0.001110
999 0.001024
1000 0.000944
1001 0.000869
1002 22.480872
1003 45.216289
1004 68.199157
1005 91.422346
1006 114.879456
1007 16.950132
1008 11.957977
1009 8.939362
1010 6.788586
1011 5.128360
1012 4.071224
1013 3.327307
1014 2.772410
1015 2.342292
1016 1.999656
1017 1.721071
1018 1.490950
1019 1.298449
1020 1.135765
1021 0.997112
1022 0.878105
1023 0.775350
1024 0.686176
1025 0.608452
1026 0.540453
1027 0.480767
1028 0.428229
1029 0.381869
1030 0.340870
1031 0.304544
1032 0.272303
1033 0.243644
1034 0.218137
1035 0.195407
1036 0.175131
1037 0.157028
1038 0.140851
1039 0.126384
1040 0.113438
1041 0.101847
1042 0.091463
1043 0.082156
1044 0.073810
1045 0.066325
1046 0.059608
1047 0.053578
1048 0.048165
1049 0.043304
1050 0.038938
1051 0.035015
1052 0.031490
1053 0.028322
1054 0.025474
1055 0.022914
1056 0.020613
1057 57.847228
1058 115.885937
1059 174.136544
1060 174.452533
1061 233.020660
1062 15.665597
1063 11.446698
1064 8.867007
1065 9.127862
1066 7.456835
1067 6.318608
1068 5.477470
1069 4.825245
1070 4.072044
1071 3.479378
1072 3.000146
1073 2.604939
1074 2.274161
1075 1.994108
1076 1.754823
1077 1.548852
1078 2.526267
1079 2.507438
1080 3.928993
1081 5.622256
1082 7.576757
1083 7.473795
1084 9.003483
1085 8.338832
1086 7.352615
1087 6.244331
1088 5.421315
1089 4.527489
1090 3.840319
1091 3.293512
1092 2.847814
1093 2.478064
1094 2.167167
1095 1.902988
1096 11.051420
1097 20.519764
1098 30.287300
1099 40.337708
1100 60.134016
1101 42.991627
1102 55.438808
1103 94.131744
1104 132.040431
1105 92.874664
1106 103.231467
1107 5.096204
1108 3.801594
1109 3.161572
1110 27.696136
1111 53.219776
1112 79.673028
1113 106.718476
1114 134.209346
1115 16.843137
1116 11.868074
1117 8.863010
1118 6.723189
1119 5.071953
1120 4.022292
1121 3.284655
1122 2.735082
1123 2.309510
1124 1.970781
1125 1.695573
1126 1.468383
1127 1.278440
1128 1.117992
1129 0.981303
1130 0.864025
1131 0.762796
1132 0.674971
1133 0.598442
1134 0.531503
1135 0.472760
1136 0.421061
1137 0.375448
1138 0.335116
1139 0.299385
1140 0.267675
1141 0.239492
1142 0.214410
1143 0.192062
1144 0.172127
1145 0.154330
1146 0.138427
1147 3.902906
1148 7.887611
1149 8.094119
1150 8.301074
1151 12.722273
1152 10.280910
1153 8.116801
1154 9.186160
1155 8.205834
1156 7.054521
1157 6.265805
1158 5.685812
1159 5.005482
1160 5.063482
1161 4.493989
1162 4.031919
1163 3.649914
1164 3.329586
1165 2.876580
1166 2.501410
1167 2.186384
1168 1.918988
1169 1.690054
1170 1.492667
1171 1.321491
1172 1.172323
1173 1.041803
1174 0.927201
1175 0.826275
1176 0.737166
1177 0.658315
1178 0.588405
1179 0.526319
1180 0.471098
1181 0.421921
1182 0.378074
1183 0.338941
1184 0.303984
1185 0.272732
1186 0.244773
1187 0.219744
1188 0.197326
1189 0.177236
1190 0.159224
1191 0.143069
1192 0.128575
1193 0.115566
1194 0.103887
1195 0.093400
1196 0.083980
1197 0.075518
1198 0.067914
1199 0.061081
1200 0.054939
1201 0.049417
1202 0.044453
1203 0.039990
1204 0.035976
1205 0.032367
1206 0.029121
1207 0.026201
1208 0.023575
1209 0.021212
1210 0.019087
1211 12.871037
1212 25.934591
1213 26.144387
1214 26.354275
1215 39.840740
1216 11.780350
1217 8.665212
1218 9.633634
1219 10.478586
1220 8.839703
1221 7.717877
1222 6.886582
1223 5.904059
1224 4.886488
1225 4.119762
1226 3.517755
1227 3.031704
1228 2.631316
1229 2.296483
1230 2.013182
1231 1.771249
1232 1.563087
1233 1.382874
1234 1.226056
1235 1.089006
1236 0.968793
1237 0.863018
1238 0.769697
1239 0.687171
1240 0.614045
1241 0.549134
1242 0.491426
1243 0.440052
1244 0.394263
1245 0.353408
1246 0.316921
1247 0.284310
1248 0.255140
1249 0.229032
1250 0.205651
1251 0.184701
1252 0.165921
1253 0.149079
1254 0.133969
1255 0.120410
1256 0.108238
1257 0.097308
1258 25.884150
1259 51.868941
1260 52.057645
1261 78.338478
1262 104.815849
1263 2.538305
1264 2.691175
1265 1.343656
1266 1.528174
1267 1.374049
1268 1.298269
1269 1.253397
1270 0.959899
1271 0.761962
1272 0.620026
1273 0.513748
1274 0.431578
1275 0.366466
1276 0.313860
1277 0.270690
1278 0.234807
1279 0.204664
1280 0.179116
1281 0.157299
1282 0.138549
1283 0.122346
1284 0.108276
1285 0.096008
1286 0.085273
1287 0.075850
1288 0.067555
1289 0.060236
1290 0.053764
1291 0.048030
1292 0.042941
1293 0.038418
1294 0.034394
1295 0.030807
1296 0.027609
1297 0.024753
1298 0.022202
1299 0.019920
1300 0.017879
1301 0.016051
1302 31.266339
1303 31.371007
1304 31.475602
1305 31.580132
1306 31.684603
1307 16.245259
1308 4.514598
1309 3.395381
1310 4.065396
1311 5.287014
1312 6.506580
1313 6.542813
1314 5.876596
1315 5.012778
1316 4.190998
1317 3.848161
1318 3.322921
1319 2.936604
1320 2.641167
1321 2.408696
1322 2.024383
1323 1.720738
1324 1.475588
1325 1.274309
1326 1.106820
1327 0.965918
1328 0.846310
1329 0.744007
1330 0.655948
1331 0.579734
1332 0.513465
1333 0.455610
1334 0.404924
1335 0.360383
1336 0.321137
1337 0.286476
1338 0.255802
1339 0.228605
1340 0.204453
1341 0.182975
1342 0.163850
1343 0.146802
1344 0.131589
1345 0.118002
1346 0.105858
1347 0.094995
1348 0.085272
1349 0.076565
1350 0.068764
1351 4.449351
1352 9.046034
1353 9.255308
1354 14.174687
1355 19.308296
1356 14.424672
1357 11.011698
1358 11.588196
1359 9.522897
1360 7.703046
1361 6.491847
1362 5.616261
1363 0.037124
1364 0.018330
1365 0.012055
1366 0.008862
1367 11.798274
1368 24.082617
1369 36.773526
1370 49.816140
1371 63.173829
1372 17.357685
1373 12.303727
1374 24.435269
1375 38.628049
1376 42.516913
1377 59.706242
1378 76.946831
1379 14.208737
1380 30.396614
1381 49.938498
1382 71.237254
1383 93.708704
1384 117.062952
1385 17.412335
1386 12.350119
1387 9.274985
1388 7.077885
1389 5.379193
1390 4.289772
1391 3.518510
1392 2.940278
1393 2.490115
1394 2.130162
1395 1.836549
1396 1.593327
1397 1.389367
1398 1.216625
1399 1.069122
1400 0.942307
1401 0.832649
1402 0.737361
1403 0.654211
1404 0.581390
1405 0.517413
1406 0.461053
1407 0.411284
1408 0.367242
1409 0.328196
1410 0.293524
1411 0.262690
1412 0.235235
1413 0.210761
1414 0.188922
1415 0.169418
1416 0.151983
1417 0.136389
1418 0.122431
1419 0.109931
1420 4.399481
1421 4.497691
1422 4.596641
1423 4.696253
1424 9.528550
1425 7.252815
1426 9.388605
1427 11.269379
1428 12.969134
1429 11.157341
1430 9.948989
1431 8.486479
1432 7.032220
1433 5.686560
1434 4.724120
1435 3.992723
1436 3.415249
1437 2.947188
1438 2.560518
1439 2.236456
1440 1.961804
1441 1.726942
1442 1.524643
1443 1.349350
1444 1.196699
1445 1.063207
1446 0.946053
1447 0.842923
1448 0.751900
1449 0.671381
1450 0.600012
1451 0.536644
1452 0.480296
1453 8.903252
1454 8.972858
1455 9.046313
1456 17.936518
1457 27.053254
1458 8.025880
1459 6.790741
1460 6.121426
1461 2.951328
1462 0.942779
1463 1.082474
1464 1.211624
1465 1.330779
1466 2.610529
1467 4.034485
1468 5.735490
1469 7.701990
1470 9.924570
1471 9.701758
1472 8.880739
1473 7.747326
1474 6.525839
1475 4.702304
1476 4.109540
1477 3.563189
1478 3.551357
1479 3.984758
1480 4.162722
1481 4.807617
1482 4.784534
1483 4.511059
1484 3.832428
1485 3.519235
1486 3.557857
1487 4.030938
1488 4.883023
1489 5.123157
1490 5.066268
1491 4.750111
1492 4.242467
1493 3.615418
1494 3.111315
1495 2.697362
1496 2.352016
1497 2.060369
1498 1.811684
1499 1.597975
1500 1.413148
1501 1.252451
1502 1.112111
1503 0.989088
1504 0.880897
1505 0.785487
1506 0.701147
1507 0.626439
1508 0.560143
1509 0.501219
1510 0.448775
1511 0.402041
1512 0.360351
1513 0.323124
1514 0.289856
1515 20.028650
1516 20.102544
1517 20.178733
1518 20.256967
1519 40.504935
1520 4.682335
1521 3.552408
1522 3.365117
1523 4.240246
1524 4.057655
1525 3.970501
1526 3.919907
1527 4.401952
1528 4.046732
1529 3.810641
1530 3.643740
1531 3.556429
1532 3.266154
1533 3.084773
1534 2.951815
1535 2.852368
1536 2.699626
1537 1.861620
1538 1.766704
1539 1.686091
1540 1.617121
1541 1.557743
1542 1.357519
1543 1.188120
1544 1.043603
1545 0.919454
1546 0.812178
1547 0.719016
1548 0.637766
1549 0.566643
1550 0.504185
1551 0.449184
1552 0.400630
1553 0.357678
1554 0.319608
1555 0.285810
1556 0.255761
1557 0.229009
1558 0.205166
1559 0.183893
1560 0.164897
1561 0.147919
1562 0.132735
1563 0.119145
1564 0.106976
1565 0.096073
1566 0.086300
1567 0.077537
1568 0.069675
1569 0.062621
1570 0.056288
1571 0.050603
1572 0.045496
1573 0.040910
1574 0.036789
1575 0.033086
1576 0.029757
1577 0.026766
1578 23.426991
1579 47.037954
1580 70.859598
1581 94.891881
1582 119.134775
1583 1.245218
1584 0.816326
1585 0.534185
1586 0.406642
1587 0.255793
1588 0.181145
1589 0.136792
1590 0.107537
1591 0.086891
1592 0.071613
1593 0.059910
1594 0.050703
1595 0.043308
1596 0.037268
1597 0.032268
1598 0.028082
1599 0.024544
1600 0.021530
1601 0.018945
1602 0.016716
1603 0.014782
1604 0.013099
1605 0.011628
1606 0.010338
1607 0.009203
1608 0.008203
1609 0.007319
1610 0.006537
1611 0.005843
1612 0.005226
1613 0.004678
1614 0.004189
1615 0.003753
1616 0.003365
1617 0.003018
1618 0.002707
1619 0.002429
1620 0.002181
1621 0.001958
1622 0.001759
1623 0.001580
1624 0.001420
1625 0.001276
1626 0.001147
1627 0.001031
1628 0.000927
1629 0.000833
1630 0.000749
1631 0.000674
1632 0.000606
1633 57.829230
1634 115.869745
1635 174.121976
1636 174.439427
1637 233.008867
1638 15.654986
1639 11.437150
1640 8.858416
1641 9.120132
1642 7.449879
1643 6.312348
1644 5.471837
1645 4.820176
1646 4.067483
1647 3.475273
1648 2.996452
1649 2.601615
1650 2.271170
1651 1.991415
1652 1.752400
1653 1.546671
1654 2.524305
1655 2.505671
1656 3.927404
1657 5.620826
1658 7.575470
1659 7.472636
1660 9.002440
1661 8.337894
1662 7.351771
1663 6.243571
1664 5.420631
1665 4.526873
1666 3.839765
1667 3.293013
1668 2.847365
1669 2.477660
1670 2.166804
1671 1.902661
1672 14.579982
1673 27.577212
1674 40.873631
1675 54.452919
1676 80.816787
1677 44.981606
1678 150.225204
1679 92.526348
1680 130.562331
1681 91.426772
1682 102.394101
1683 5.079531
1684 3.785341
1685 3.151489
1686 27.689510
1687 53.214987
1688 79.669366
1689 106.715574
1690 134.206987
1691 16.841184
1692 11.866434
1693 8.861619
1694 6.721998
1695 5.070927
1696 4.021402
1697 3.283879
1698 2.734403
1699 2.308914
1700 1.970256
1701 1.695110
1702 1.467974
1703 1.278077
1704 1.117670
1705 0.981016
1706 0.863770
1707 0.762568
1708 0.674768
1709 0.598261
1710 0.531341
1711 0.472615
1712 0.420931
1713 0.375332
1714 0.335012
1715 0.299291
1716 0.267591
1717 0.239417
1718 0.214343
1719 0.192001
1720 0.172073
1721 0.154281
1722 0.138383
1723 3.902866
1724 7.887575
1725 8.094087
1726 8.301046
1727 12.722248
1728 10.280887
1729 8.116780
1730 9.186142
1731 8.205817
1732 7.054506
1733 6.265791
1734 5.685800
1735 5.005471
1736 5.063472
1737 4.493980
1738 4.031911
1739 3.649907
1740 3.329579
1741 2.876574
1742 2.501405
1743 2.186379
1744 1.918984
1745 1.690050
1746 1.492664
1747 1.321488
1748 1.172321
1749 1.041800
1750 0.927198
1751 0.826273
1752 0.737164
1753 0.658313
1754 0.588404
1755 0.526317
1756 0.471097
1757 0.421920
1758 0.378073
1759 0.338941
1760 0.303984
1761 0.272732
1762 0.244773
1763 0.219744
1764 0.197325
1765 0.177235
1766 0.159224
1767 0.143069
1768 0.128575
1769 0.115566
1770 0.103887
1771 0.093400
1772 0.083980
1773 0.075518
1774 0.067914
1775 0.061080
1776 0.054938
1777 0.049417
1778 0.044453
1779 0.039990
1780 0.035976
1781 0.032367
1782 0.029121
1783 0.026201
1784 0.023574
1785 0.021212
1786 0.019087
1787 12.874565
1788 25.941647
1789 26.151443
1790 26.361331
1791 39.851324
1792 11.780351
1793 8.665212
1794 9.633635
1795 10.478586
1796 8.839703
1797 7.717877
1798 6.886582
1799 5.904059
1800 4.886488
1801 4.119762
1802 3.517755
1803 3.031704
1804 2.631316
1805 2.296483
1806 2.013182
1807 1.771249
1808 1.563087
1809 1.382874
1810 1.226056
1811 1.089006
1812 0.968793
1813 0.863018
1814 0.769697
1815 0.687171
1816 0.614045
1817 0.549134
1818 0.491426
1819 0.440052
1820 0.394263
1821 0.353408
1822 0.316921
1823 0.284310
1824 0.255140
1825 0.229032
1826 0.205651
1827 0.184701
1828 0.165921
1829 0.149079
1830 0.133969
1831 0.120410
1832 0.108238
1833 0.097308
1834 25.725448
1835 51.550616
1836 51.738403
1837 77.858242
1838 104.173707
1839 2.529605
1840 2.673061
1841 1.357767
1842 1.541178
1843 1.382324
1844 1.304163
1845 1.257863
1846 0.963418
1847 0.764811
1848 0.622377
1849 0.515716
1850 0.433246
1851 0.367891
1852 0.315087
1853 0.271753
1854 0.235733
1855 0.205473
1856 0.179826
1857 0.157924
1858 0.139101
1859 0.122833
1860 0.108708
1861 0.096391
1862 0.085614
1863 0.076153
1864 0.067826
1865 0.060477
1866 0.053979
1867 0.048222
1868 0.043113
1869 0.038573
1870 0.034532
1871 0.030931
1872 0.027720
1873 0.024853
1874 0.022291
1875 0.020001
1876 0.017951
1877 0.016116
1878 22.211282
1879 22.346033
1880 22.480005
1881 22.613077
1882 22.745147
1883 1.998436
1884 2.546978
1885 3.709889
1886 5.014609
1887 6.366905
1888 7.335642
1889 7.189005
1890 6.386973
1891 5.418083
1892 4.511075
1893 4.247250
1894 3.663241
1895 3.229074
1896 2.894123
1897 2.628638
1898 2.216469
1899 1.889129
1900 1.623682
1901 1.404912
1902 1.222272
1903 1.068188
1904 0.937066
1905 0.824673
1906 0.727744
1907 0.643714
1908 0.570541
1909 0.506575
1910 0.450471
1911 0.401118
1912 0.357593
1913 0.319122
1914 0.285050
1915 0.254822
1916 0.227963
1917 0.204066
1918 0.182776
1919 0.163791
1920 0.146843
1921 0.131702
1922 0.118164
1923 0.106052
1924 0.095208
1925 0.085496
1926 0.076791
1927 4.345354
1928 8.830095
1929 9.038715
1930 13.846293
1931 18.868160
1932 14.306598
1933 10.968455
1934 11.556654
1935 9.505133
1936 7.692429
1937 6.483679
1938 5.600818
1939 4.686842
1940 0.007538
1941 0.003947
1942 0.002666
1943 11.613295
1944 23.801114
1945 36.437511
1946 49.449594
1947 62.791441
1948 17.053452
1949 12.045452
1950 24.264124
1951 38.428866
1952 42.431546
1953 59.652999
1954 76.905024
1955 14.179158
1956 30.374290
1957 49.920955
1958 71.223083
1959 93.697026
1960 117.053185
1961 17.404070
1962 12.343060
1963 9.268911
1964 7.072626
1965 5.374617
1966 4.285772
1967 3.515002
1968 2.937191
1969 2.487391
1970 2.127754
1971 1.834414
1972 1.591432
1973 1.387683
1974 1.215126
1975 1.067785
1976 0.941115
1977 0.831584
1978 0.736409
1979 0.653360
1980 0.580628
1981 0.516731
1982 0.460442
1983 0.410735
1984 0.366750
1985 0.327755
1986 0.293128
1987 0.262335
1988 0.234916
1989 0.210475
1990 0.188665
1991 0.169186
1992 0.151775
1993 0.136202
1994 0.122263
1995 0.109780
1996 4.399346
1997 4.497569
1998 4.596531
1999 4.696154
2000 9.528461
2001 7.252735
2002 9.388534
2003 11.269314
2004 12.969076
2005 11.157288
2006 9.948942
2007 8.486437
2008 7.032181
2009 5.686526
2010 4.724089
2011 3.992695
2012 3.415224
2013 2.947166
2014 2.560498
2015 2.236438
2016 1.961788
2017 1.726927
2018 1.524630
2019 1.349338
2020 1.196688
2021 1.063197
2022 0.946044
2023 0.842915
2024 0.751893
2025 0.671375
2026 0.600006
2027 0.536639
2028 0.480291
2029 8.907600
2030 8.977207
2031 9.050662
2032 17.945219
2033 27.066307
2034 8.025930
2035 6.790764
2036 6.121439
2037 2.951331
2038 0.942778
2039 1.082473
2040 1.211623
2041 1.330778
2042 2.610529
2043 4.034486
2044 5.735492
2045 7.701994
2046 9.924575
2047 9.701762
2048 8.880743
2049 7.747329
2050 6.525841
2051 4.702305
2052 4.109541
2053 3.563190
2054 3.551357
2055 3.984757
2056 4.162722
2057 4.807616
2058 4.784534
2059 4.511058
2060 3.832428
2061 3.519235
2062 3.557857
2063 4.030939
2064 4.883023
2065 5.123157
2066 5.066268
2067 4.750111
2068 4.242467
2069 3.615418
2070 3.111315
2071 2.697362
2072 2.352016
2073 2.060369
2074 1.811684
2075 1.597975
2076 1.413148
2077 1.252451
2078 1.112112
2079 0.989088
2080 0.880897
2081 0.785487
2082 0.701147
2083 0.626439
2084 0.560143
2085 0.501219
2086 0.448775
2087 0.402041
2088 0.360351
2089 0.323124
2090 0.289856
2091 19.647642
2092 19.720525
2093 19.795709
2094 19.872944
2095 39.734898
2096 4.526584
2097 3.527660
2098 3.365848
2099 4.261305
2100 4.070793
2101 3.979715
2102 3.926807
2103 4.412098
2104 4.054707
2105 3.817051
2106 3.648995
2107 3.563612
2108 3.269658
2109 3.087598
2110 2.954103
2111 2.854229
2112 2.701007
2113 1.864759
2114 1.769468
2115 1.688528
2116 1.619276
2117 1.559655
2118 1.359222
2119 1.189657
2120 1.045028
2121 0.920847
2122 0.813658
2123 0.720760
2124 0.640022
2125 0.569735
2126 0.508505
2127 0.455171
2128 0.408742
2129 0.368347
2130 0.333210
2131 0.302633
2132 0.275985
2133 0.252702
2134 0.232286
2135 0.214302
2136 0.198376
2137 0.184187
2138 0.171465
2139 0.002463
2140 0.002271
2141 0.002100
2142 0.001948
2143 0.001809
2144 0.001683
2145 0.001568
2146 0.001461
2147 0.001362
2148 0.001270
2149 0.001184
2150 0.001103
2151 0.001026
2152 0.000954
2153 0.000886
2154 22.644883
2155 45.542371
2156 68.686105
2157 92.069631
2158 115.687186
2159 17.630592
2160 12.537092
2161 9.436272
2162 7.217814
2163 5.501173
2164 248.128550
2165 491.646837
2166 735.805348
2167 980.467363
2168 1225.549567
2169 19.085127
2170 13.745122
2171 10.481574
2172 8.132736
2173 6.306459
2174 5.108105
2175 4.242677
2176 3.582491
2177 3.060665
2178 2.637817
2179 2.288831
2180 1.996736
2181 1.749542
2182 1.538481
2183 1.356957
2184 1.199892
2185 1.063303
2186 0.944010
2187 0.839442
2188 0.747493
2189 0.666420
2190 0.594768
2191 0.531312
2192 0.475014
2193 0.424987
2194 0.380471
2195 0.340810
2196 0.305436
2197 0.273855
2198 0.245637
2199 0.220404
2200 0.197826
2201 0.177610
2202 0.159500
2203 0.143269
2204 0.128715
2205 0.115661
2206 0.103947
2207 0.093434
2208 0.083994
2209 0.075517
2210 0.067902
2211 0.061061
2212 0.054914
2213 0.049390
2214 0.044424
2215 0.039960
2216 0.035946
2217 0.032337
2218 0.029092
2219 0.026174
2220 0.023549
2221 0.021188
2222 0.019064
2223 0.017154
2224 0.015435
2225 0.013889
2226 0.012498
2227 0.011246
2228 0.010120
2229 0.009107
2230 0.008196
2231 0.007375
2232 0.006637
2233 0.005973
2234 0.005375
2235 0.004837
2236 0.004353
2237 0.003918
2238 0.003526
2239 0.003173
2240 0.002856
2241 0.002570
2242 0.002313
2243 0.002082
2244 0.001873
2245 253.350914
2246 506.910762
2247 760.681404
2248 1014.662828
2249 1268.855025
2250 19.531688
2251 0.016033
2252 251.631943
2253 504.703657
2254 758.683146
2255 1013.106287
2256 1267.894442
2257 1016.212736
2258 1095.622181
2259 128.269370
2260 128.255765
2261 253.512558
2262 320.267512
2263 32.169991
2264 39.225732
2265 47.054279
2266 48.401023
2267 16.005533
2268 10.721430
2269 7.448541
2270 6.112546
2271 6.274744
2272 7.480132
2273 9.351887
2274 9.136107
2275 8.205405
2276 6.979913
2277 5.721031
2278 4.537382
2279 3.709300
2280 3.092835
2281 2.615138
2282 2.234427
2283 1.924638
2284 1.668501
2285 1.454031
2286 1.272606
2287 1.117842
2288 0.984895
2289 0.870015
2290 0.770248
2291 0.683234
2292 0.607062
2293 0.540168
2294 0.481257
2295 0.429250
2296 0.383240
2297 0.342458
2298 0.306252
2299 0.274059
2300 0.245399
2301 0.219854
2302 0.197062
2303 0.176708
2304 6.949469
2305 13.944467
2306 14.149214
2307 14.354582
2308 14.560502
2309 4.261158
2310 8.473512
2311 8.043154
2312 9.440250
2313 11.936942
2314 7.409826
2315 3.439980
2316 3.445675
2317 3.691325
2318 4.103708
2319 6.947581
2320 8.639617
2321 1.454203
2322 1.644310
2323 1.434125
2324 1.184846
2325 0.944413
2326 0.774499
2327 0.648370
2328 0.551076
2329 0.473685
2330 0.410593
2331 0.358144
2332 0.313868
2333 0.276045
2334 0.243441
2335 0.215141
2336 0.190449
2337 0.168822
2338 0.149823
2339 0.133095
2340 0.118340
2341 0.105306
2342 0.093778
2343 0.083572
2344 0.074526
2345 0.066502
2346 0.059377
2347 0.053047
2348 0.047417
2349 0.042406
2350 0.037943
2351 0.033966
2352 0.030418
2353 0.027252
2354 0.024424
2355 0.021897
2356 0.019638
2357 0.017617
2358 0.015809
2359 0.014189
2360 0.012739
2361 0.011439
2362 0.010274
2363 0.009229
2364 0.008292
2365 0.007451
2366 0.006696
2367 13.669983
2368 27.542034
2369 41.622988
2370 55.912988
2371 70.412178
2372 22.914224
2373 7.290186
2374 5.150315
2375 3.694958
2376 2.563233
2377 1.919309
2378 1.502564
2379 1.211298
2380 0.996977
2381 0.833342
2382 0.704891
2383 0.601867
2384 0.517808
2385 0.448265
2386 0.390068
2387 0.340900
2388 0.299025
2389 0.263117
2390 0.232145
2391 0.205296
2392 0.181919
2393 0.161489
2394 0.143574
2395 0.127819
2396 0.113929
2397 0.101655
2398 0.090787
2399 0.081148
2400 0.072586
2401 0.064969
2402 0.058185
2403 0.052137
2404 32.371923
2405 64.911052
2406 97.668207
2407 130.642257
2408 163.832231
2409 19.703078
2410 41.187650
2411 66.059331
2412 64.667361
2413 92.182954
2414 120.764465
2415 4.158760
2416 2.949981
2417 4.073913
2418 3.384594
2419 2.830929
2420 2.318213
2421 1.991975
2422 1.095817
2423 0.866416
2424 0.708050
2425 0.591645
2426 0.502163
2427 0.431067
2428 0.373152
2429 0.325070
2430 0.284562
2431 0.250044
2432 0.220370
2433 0.194681
2434 0.172321
2435 0.152774
2436 0.135627
2437 0.120542
2438 0.107243
2439 0.095495
2440 0.085100
2441 0.075891
2442 0.067722
2443 0.060469
2444 0.054022
2445 0.048288
2446 0.043182
2447 0.038634
2448 0.034580
2449 0.030963
2450 0.027734
2451 0.024851
2452 0.022275
2453 0.019971
2454 19.377406
2455 19.482569
2456 19.587720
2457 19.692863
2458 19.798003
2459 0.125672
2460 3.329663
2461 5.788895
2462 7.865631
2463 9.711316
2464 10.122988
2465 9.501148
2466 8.293839
2467 6.981743
2468 5.789516
2469 5.808532
2470 5.028692
2471 4.428581
2472 3.951924
2473 3.542032
2474 3.020743
2475 2.599166
2476 2.251934
2477 1.961888
2478 1.716900
2479 1.508103
2480 1.328833
2481 1.173964
2482 1.039481
2483 0.922186
2484 0.819496
2485 0.729299
2486 0.649853
2487 0.579704
2488 0.517633
2489 0.462605
2490 0.413740
2491 0.370286
2492 0.331593
2493 0.297100
2494 0.266320
2495 0.238829
2496 0.214256
2497 0.192275
2498 0.172601
2499 0.154981
2500 0.139193
2501 0.125040
2502 0.112347
2503 3.994074
2504 8.092447
2505 8.298267
2506 12.720217
2507 17.356785
2508 13.730482
2509 2.644006
2510 12.230928
2511 2.712959
2512 2.440127
2513 2.301666
2514 1.582470
2515 1.072159
2516 0.790770
2517 0.613239
2518 0.491466
2519 12.030504
2520 23.945108
2521 36.194867
2522 48.750979
2523 61.592219
2524 18.280112
2525 13.125020
2526 45.636608
2527 93.522463
2528 142.308017
2529 191.485015
2530 241.010379
2531 15.216911
2532 63.188784
2533 114.586508
2534 167.784170
2535 222.182386
2536 277.482459
2537 17.715725
2538 12.610395
2539 9.499771
2540 7.273096
2541 5.549507
2542 4.438947
2543 3.649607
2544 3.055817
2545 2.592193
2546 2.220542
2547 1.916719
2548 1.664558
2549 1.452745
2550 1.273087
2551 1.119478
2552 0.987262
2553 0.872817
2554 0.773279
2555 0.686351
2556 0.610166
2557 0.543192
2558 0.484158
2559 0.432000
2560 0.385825
2561 0.344871
2562 0.308491
2563 0.276128
2564 0.247303
2565 0.221601
2566 0.198661
2567 0.178169
2568 0.159848
2569 0.143458
2570 0.128786
2571 0.115644
2572 4.404619
2573 4.502311
2574 4.600796
2575 4.699990
2576 9.531911
2577 7.255839
2578 9.391325
2579 11.271826
2580 12.971335
2581 11.159321
2582 9.950771
2583 8.488083
2584 7.033662
2585 5.687858
2586 4.725288
2587 3.993774
2588 3.416195
2589 2.948039
2590 2.561284
2591 2.237145
2592 1.962425
2593 1.727500
2594 1.525145
2595 1.349802
2596 1.197106
2597 1.063573
2598 0.946382
2599 0.843220
2600 0.752167
2601 0.671621
2602 0.600228
2603 0.536838
2604 0.480471
2605 8.751309
2606 8.820900
2607 8.894340
2608 17.632432
2609 26.597056
2610 8.024110
2611 6.789940
2612 6.120942
2613 2.951242
2614 0.942840
2615 1.082529
2616 1.211673
2617 1.330823
2618 2.610530
2619 4.034443
2620 5.735406
2621 7.701864
2622 9.924402
2623 9.701615
2624 8.880633
2625 7.747253
2626 6.525790
2627 4.702282
2628 4.109526
2629 3.563185
2630 3.551360
2631 3.984764
2632 4.162728
2633 4.807625
2634 4.784542
2635 4.511066
2636 3.832432
2637 3.519236
2638 3.557855
2639 4.030934
2640 4.883016
2641 5.123150
2642 5.066262
2643 4.750106
2644 4.242463
2645 3.615415
2646 3.111313
2647 2.697361
2648 2.352015
2649 2.060368
2650 1.811683
2651 1.597974
2652 1.413148
2653 1.252451
2654 1.112111
2655 0.989088
2656 0.880897
2657 0.785487
2658 0.701147
2659 0.626439
2660 0.560143
2661 0.501219
2662 0.448775
2663 0.402041
2664 0.360351
2665 0.323124
2666 0.289856
2667 24.038000
2668 24.118521
2669 24.201288
2670 24.286059
2671 48.576117
2672 7.451443
2673 3.836262
2674 3.384664
2675 4.097703
2676 3.969578
2677 3.908917
2678 3.873844
2679 4.333606
2680 3.993104
2681 3.767594
2682 3.608516
2683 3.508137
2684 3.242704
2685 3.065869
2686 2.936526
2687 2.839958
2688 2.690582
2689 1.840939
2690 1.748495
2691 1.670018
2692 1.602902
2693 1.545126
2694 1.346313
2695 1.178152
2696 1.034725
2697 0.911538
2698 0.805111
2699 0.712703
2700 0.632122
2701 0.561593
2702 0.499664
2703 0.445133
2704 0.397000
2705 0.354423
2706 0.316689
2707 0.283191
2708 0.253409
2709 0.226898
2710 0.203270
2711 0.182191
2712 0.163367
2713 0.146545
2714 0.131499
2715 0.118035
2716 0.105978
2717 0.095176
2718 0.085493
2719 0.076811
2720 0.069023
2721 0.062034
2722 0.055760
2723 0.050128
2724 0.045069
2725 0.040525
2726 0.036443
2727 0.032775
2728 0.029478
2729 0.026514
2730 23.183583
2731 46.552175
2732 70.132155
2733 93.923406
2734 117.925830
2735 15.735837
2736 0.083515
2737 0.039659
2738 0.021240
2739 0.012781
2740 0.008873
2741 0.006625
2742 0.005171
2743 0.004157
2744 0.003414
2745 0.002848
2746 0.002405
2747 0.002051
2748 0.001762
2749 0.001524
2750 0.001325
2751 0.001157
2752 0.001014
2753 0.000892
2754 0.000787
2755 0.000695
2756 0.000616
2757 0.000547
2758 0.000486
2759 0.000432
2760 0.000385
2761 0.000344
2762 0.000307
2763 0.000274
2764 0.000245
2765 0.000220
2766 0.000197
2767 0.000176
2768 0.000158
2769 0.000142
2770 0.000127
2771 0.000114
2772 0.000102
2773 0.000092
2774 0.000082
2775 0.000074
2776 0.000067
2777 0.000060
2778 0.000054
2779 0.000048
2780 0.000043
2781 0.000039
2782 0.000035
2783 0.000032
2784 0.000028
2785 49.283616
2786 98.779089
2787 148.486273
2788 148.803766
2789 198.828150
2790 15.654680
2791 11.436875
2792 8.858168
2793 9.119909
2794 7.449678
2795 6.312168
2796 5.471675
2797 4.820030
2798 4.067351
2799 3.475154
2800 2.996346
2801 2.601519
2802 2.271083
2803 1.991338
2804 1.752330
2805 1.546608
2806 2.524248
2807 2.505621
2808 3.927358
2809 5.620784
2810 7.575433
2811 7.472603
2812 9.002410
2813 8.337867
2814 7.351746
2815 6.243549
2816 5.420611
2817 4.526855
2818 3.839749
2819 3.292999
2820 2.847352
2821 2.477648
2822 2.166793
2823 1.902651
2824 17.640177
2825 33.697610
2826 50.054234
2827 66.693725
2828 90.984840
2829 42.695775
2830 51.135447
2831 81.073066
2832 111.547703
2833 77.720027
2834 98.932726
2835 5.150012
2836 3.837998
2837 3.182782
2838 27.710067
2839 53.229853
2840 79.680735
2841 106.724587
2842 134.214313
2843 16.847249
2844 11.871526
2845 8.865940
2846 6.725696
2847 5.074115
2848 4.024167
2849 3.286288
2850 2.736511
2851 2.310765
2852 1.971886
2853 1.696549
2854 1.469247
2855 1.279205
2856 1.118672
2857 0.981908
2858 0.864563
2859 0.763276
2860 0.675400
2861 0.598825
2862 0.531845
2863 0.473066
2864 0.421335
2865 0.375694
2866 0.335336
2867 0.299582
2868 0.267852
2869 0.239651
2870 0.214553
2871 0.192189
2872 0.172242
2873 0.154433
2874 0.138519
2875 3.902989
2876 7.887685
2877 8.094186
2878 8.301135
2879 12.722328
2880 10.280959
2881 8.116844
2882 9.186200
2883 8.205869
2884 7.054553
2885 6.265834
2886 5.685838
2887 5.005506
2888 5.063503
2889 4.494008
2890 4.031936
2891 3.649930
2892 3.329600
2893 2.876592
2894 2.501421
2895 2.186394
2896 1.918997
2897 1.690062
2898 1.492674
2899 1.321497
2900 1.172329
2901 1.041808
2902 0.927206
2903 0.826280
2904 0.737170
2905 0.658318
2906 0.588408
2907 0.526322
2908 0.471101
2909 0.421923
2910 0.378076
2911 0.338943
2912 0.303986
2913 0.272734
2914 0.244775
2915 0.219746
2916 0.197327
2917 0.177237
2918 0.159225
2919 0.143070
2920 0.128576
2921 0.115567
2922 0.103888
2923 0.093401
2924 0.083981
2925 0.075518
2926 0.067914
2927 0.061081
2928 0.054939
2929 0.049417
2930 0.044453
2931 0.039990
2932 0.035977
2933 0.032367
2934 0.029121
2935 0.026201
2936 0.023575
2937 0.021212
2938 0.019087
2939 12.863645
2940 25.919807
2941 26.129602
2942 26.339490
2943 39.818563
2944 11.780349
2945 8.665212
2946 9.633635
2947 10.478586
2948 8.839703
2949 7.717877
2950 6.886582
2951 5.904059
2952 4.886488
2953 4.119762
2954 3.517755
2955 3.031704
2956 2.631316
2957 2.296483
2958 2.013182
2959 1.771249
2960 1.563087
2961 1.382874
2962 1.226056
2963 1.089006
2964 0.968793
2965 0.863018
2966 0.769697
2967 0.687171
2968 0.614045
2969 0.549134
2970 0.491426
2971 0.440052
2972 0.394263
2973 0.353408
2974 0.316921
2975 0.284310
2976 0.255140
2977 0.229032
2978 0.205651
2979 0.184701
2980 0.165921
2981 0.149079
2982 0.133969
2983 0.120410
2984 0.108238
2985 0.097308
2986 22.115096
2987 44.331434
2988 44.520734
2989 67.033998
2990 89.744379
2991 2.542733
2992 2.699830
2993 1.337271
2994 1.522272
2995 1.370298
2996 1.295599
2997 1.251375
2998 0.958307
2999 0.760675
3000 0.618964
3001 0.512859
3002 0.430825
3003 0.365823
3004 0.313307
3005 0.270211
3006 0.234390
3007 0.204299
3008 0.178796
3009 0.157018
3010 0.138301
3011 0.122126
3012 0.108081
3013 0.095835
3014 0.085119
3015 0.075713
3016 0.067433
3017 0.060127
3018 0.053666
3019 0.047943
3020 0.042863
3021 0.038349
3022 0.034331
3023 0.030752
3024 0.027559
3025 0.024708
3026 0.022162
3027 0.019884
3028 0.017847
3029 0.016022
3030 22.024813
3031 22.118078
3032 22.211208
3033 22.304217
3034 22.397120
3035 5.062599
3036 3.332145
3037 3.384111
3038 4.379228
3039 5.649329
3040 6.779714
3041 6.752496
3042 6.040246
3043 5.141447
3044 4.291655
3045 3.974238
3046 3.429999
3047 3.028324
3048 2.720279
3049 2.477327
3050 2.084207
3051 1.773097
3052 1.521571
3053 1.314813
3054 1.142587
3055 0.997573
3056 0.874378
3057 0.768938
3058 0.678123
3059 0.599485
3060 0.531076
3061 0.471329
3062 0.418967
3063 0.372938
3064 0.332370
3065 0.296532
3066 0.264809
3067 0.236677
3068 0.211691
3069 0.189466
3070 0.169675
3071 0.152029
3072 0.136282
3073 0.122217
3074 0.109643
3075 0.098396
3076 0.088328
3077 0.079312
3078 0.071232
3079 4.416055
3080 8.976999
3081 9.186071
3082 14.069755
3083 19.167686
3084 14.387987
3085 10.998205
3086 11.578317
3087 9.517328
3088 7.699475
3089 6.488277
3090 5.603976
3091 4.671850
3092 4.305063
3093 0.014711
3094 0.009569
3095 11.560469
3096 23.721866
3097 36.347359
3098 49.356890
3099 62.701100
3100 16.953815
3101 11.961387
3102 24.185111
3103 38.364848
3104 42.417582
3105 59.644356
3106 76.898257
3107 14.174377
3108 30.370685
3109 49.918123
3110 71.220797
3111 93.695143
3112 117.051610
3113 17.402737
3114 12.341922
3115 9.267932
3116 7.071779
3117 5.373879
3118 4.285127
3119 3.514437
3120 2.936694
3121 2.486952
3122 2.127366
3123 1.834070
3124 1.591127
3125 1.387411
3126 1.214884
3127 1.067570
3128 0.940922
3129 0.831412
3130 0.736256
3131 0.653222
3132 0.580505
3133 0.516621
3134 0.460343
3135 0.410647
3136 0.366671
3137 0.327684
3138 0.293064
3139 0.262278
3140 0.234865
3141 0.210429
3142 0.188624
3143 0.169149
3144 0.151742
3145 0.136172
3146 0.122236
3147 0.109755
3148 4.399324
3149 4.497549
3150 4.596514
3151 4.696138
3152 9.528447
3153 7.252722
3154 9.388522
3155 11.269304
3156 12.969066
3157 11.157280
3158 9.948934
3159 8.486430
3160 7.032175
3161 5.686520
3162 4.724084
3163 3.992691
3164 3.415220
3165 2.947162
3166 2.560495
3167 2.236435
3168 1.961785
3169 1.726925
3170 1.524628
3171 1.349336
3172 1.196686
3173 1.063196
3174 0.946043
3175 0.842914
3176 0.751892
3177 0.671374
3178 0.600005
3179 0.536638
3180 0.480290
3181 8.908302
3182 8.977909
3183 9.051364
3184 17.946624
3185 27.068415
3186 8.025938
3187 6.790768
3188 6.121442
3189 2.951332
3190 0.942777
3191 1.082473
3192 1.211622
3193 1.330778
3194 2.610529
3195 4.034486
3196 5.735493
3197 7.701994
3198 9.924576
3199 9.701763
3200 8.880743
3201 7.747329
3202 6.525841
3203 4.702305
3204 4.109541
3205 3.563190
3206 3.551357
3207 3.984757
3208 4.162722
3209 4.807616
3210 4.784534
3211 4.511058
3212 3.832428
3213 3.519235
3214 3.557857
3215 4.030939
3216 4.883023
3217 5.123157
3218 5.066268
3219 4.750112
3220 4.242467
3221 3.615418
3222 3.111315
3223 2.697362
3224 2.352016
3225 2.060369
3226 1.811684
3227 1.597975
3228 1.413148
3229 1.252451
3230 1.112112
3231 0.989088
3232 0.880897
3233 0.785487
3234 0.701147
3235 0.626439
3236 0.560143
3237 0.501219
3238 0.448775
3239 0.402041
3240 0.360351
3241 0.323124
3242 0.289856
3243 19.562414
3244 19.634972
3245 19.709833
3246 19.786747
3247 39.561866
3248 4.482741
3249 3.520421
3250 3.366247
3251 4.267932
3252 4.074935
3253 3.982624
3254 3.928986
3255 4.415299
3256 4.057249
3257 3.819107
3258 3.650675
3259 3.565910
3260 3.270795
3261 3.088530
3262 2.954860
3263 2.854841
3264 2.701436
3265 1.865739
3266 1.770346
3267 1.689314
3268 1.619974
3269 1.560273
3270 1.359765
3271 1.190120
3272 1.045388
3273 0.921050
3274 0.813605
3275 0.720294
3276 0.638911
3277 0.567669
3278 0.505105
3279 0.450008
3280 0.401369
3281 0.358340
3282 0.320202
3283 0.286343
3284 0.256239
3285 0.229438
3286 0.205551
3287 0.184239
3288 0.165207
3289 0.148198
3290 0.132985
3291 0.119370
3292 0.107178
3293 0.096255
3294 0.086463
3295 0.077683
3296 0.069807
3297 0.062739
3298 0.056395
3299 0.050698
3300 0.045583
3301 0.040987
3302 0.036858
3303 0.033148
3304 0.029814
3305 0.026817
3306 24.004538
3307 48.184763
3308 72.568325
3309 97.156005
3310 121.948528
3311 3.649925
3312 3.106868
3313 2.629196
3314 2.008792
3315 1.336221
3316 0.975123
3317 0.750271
3318 0.597365
3319 0.487117
3320 0.404247
3321 0.339992
3322 0.288965
3323 0.247667
3324 0.213730
3325 0.185490
3326 0.161745
3327 0.141604
3328 0.124394
3329 0.109594
3330 0.096798
3331 0.085682
3332 0.075987
3333 0.067500
3334 0.060049
3335 0.053488
3336 0.047697
3337 0.042576
3338 0.038038
3339 0.034011
3340 0.030430
3341 0.027244
3342 0.024404
3343 0.021872
3344 0.019610
3345 0.017589
3346 0.015782
3347 0.014166
3348 0.012718
3349 0.011421
3350 0.010259
3351 0.009216
3352 0.008281
3353 0.007443
3354 0.006690
3355 0.006014
3356 0.005407
3357 0.004862
3358 0.004372
3359 0.003932
3360 0.003536
3361 57.831865
3362 115.872116
3363 174.124108
3364 174.441345
3365 233.010593
3366 15.656539
3367 11.438547
3368 8.859673
3369 9.121263
3370 7.450897
3371 6.313264
3372 5.472661
3373 4.820918
3374 4.068150
3375 3.475873
3376 2.996992
3377 2.602101
3378 2.271607
3379 1.991809
3380 1.752754
3381 1.546990
3382 2.524592
3383 2.505930
3384 3.927636
3385 5.621035
3386 7.575658
3387 7.472806
3388 9.002592
3389 8.338031
3390 7.351894
3391 6.243683
3392 5.420731
3393 4.526963
3394 3.839846
3395 3.293086
3396 2.847431
3397 2.477719
3398 2.166857
3399 1.902709
3400 12.815707
3401 24.048613
3402 35.580709
3403 47.395674
3404 73.283460
3405 46.990027
3406 243.652574
3407 92.521040
3408 131.547686
3409 93.105771
3410 103.849548
3411 5.060145
3412 3.769670
3413 3.141873
3414 27.683195
3415 53.210423
3416 79.665878
3417 106.712809
3418 134.204740
3419 16.839324
3420 11.864873
3421 8.860295
3422 6.720864
3423 5.069949
3424 4.020555
3425 3.283141
3426 2.733758
3427 2.308347
3428 1.969757
3429 1.694669
3430 1.467584
3431 1.277731
3432 1.117363
3433 0.980743
3434 0.863526
3435 0.762351
3436 0.674574
3437 0.598088
3438 0.531186
3439 0.472476
3440 0.420807
3441 0.375221
3442 0.334913
3443 0.299202
3444 0.267512
3445 0.239345
3446 0.214278
3447 0.191943
3448 0.172021
3449 0.154234
3450 0.138341
3451 3.902829
3452 7.887541
3453 8.094057
3454 8.301018
3455 12.722223
3456 10.280865
3457 8.116760
3458 9.186124
3459 8.205801
3460 7.054492
3461 6.265778
3462 5.685788
3463 5.005461
3464 5.063462
3465 4.493972
3466 4.031904
3467 3.649900
3468 3.329573
3469 2.876568
3470 2.501400
3471 2.186374
3472 1.918980
3473 1.690046
3474 1.492660
3475 1.321485
3476 1.172318
3477 1.041798
3478 0.927196
3479 0.826271
3480 0.737163
3481 0.658312
3482 0.588402
3483 0.526316
3484 0.471096
3485 0.421919
3486 0.378072
3487 0.338940
3488 0.303983
3489 0.272731
3490 0.244772
3491 0.219743
3492 0.197325
3493 0.177235
3494 0.159223
3495 0.143068
3496 0.128574
3497 0.115566
3498 0.103887
3499 0.093400
3500 0.083980
3501 0.075518
3502 0.067914
3503 0.061080
3504 0.054938
3505 0.049417
3506 0.044453
3507 0.039990
3508 0.035976
3509 0.032367
3510 0.029121
3511 0.026201
3512 0.023574
3513 0.021212
3514 0.019087
3515 12.877935
3516 25.948387
3517 26.158183
3518 26.368071
3519 39.861434
3520 11.780352
3521 8.665212
3522 9.633635
3523 10.478586
3524 8.839703
3525 7.717877
3526 6.886582
3527 5.904059
3528 4.886488
3529 4.119762
3530 3.517755
3531 3.031704
3532 2.631316
3533 2.296483
3534 2.013182
3535 1.771249
3536 1.563087
3537 1.382874
3538 1.226056
3539 1.089006
3540 0.968793
3541 0.863018
3542 0.769697
3543 0.687171
3544 0.614045
3545 0.549134
3546 0.491426
3547 0.440052
3548 0.394263
3549 0.353408
3550 0.316921
3551 0.284310
3552 0.255140
3553 0.229032
3554 0.205651
3555 0.184701
3556 0.165921
3557 0.149079
3558 0.133969
3559 0.120410
3560 0.108238
3561 0.097308
3562 25.662845
3563 51.424648
3564 51.611673
3565 77.667008
3566 103.917211
3567 2.523637
3568 2.659578
3569 1.369091
3570 1.551583
3571 1.388950
3572 1.308883
3573 1.261441
3574 0.966238
3575 0.767093
3576 0.624260
3577 0.517293
3578 0.434581
3579 0.369033
3580 0.316070
3581 0.272604
3582 0.236473
3583 0.206121
3584 0.180394
3585 0.158424
3586 0.139542
3587 0.123224
3588 0.109054
3589 0.096699
3590 0.085887
3591 0.076397
3592 0.068042
3593 0.060671
3594 0.054152
3595 0.048377
3596 0.043252
3597 0.038696
3598 0.034643
3599 0.031031
3600 0.027809
3601 0.024933
3602 0.022363
3603 0.020065
3604 0.018009
3605 0.016168
3606 21.837539
3607 21.935019
3608 22.033197
3609 22.132174
3610 22.232054
3611 3.365874
3612 2.819310
3613 3.509126
3614 4.684767
3615 5.995116
3616 7.045090
3617 6.959262
3618 6.203482
3619 5.271017
3620 4.393927
3621 4.101770
3622 3.538722
3623 3.121739
3624 2.801058
3625 2.547551
3626 2.145527
3627 1.826846
3628 1.568836
3629 1.356491
3630 1.179427
3631 1.030204
3632 0.903333
3633 0.794672
3634 0.701027
3635 0.619894
3636 0.549282
3637 0.487585
3638 0.433494
3639 0.385930
3640 0.343997
3641 0.306944
3642 0.274137
3643 0.245038
3644 0.219188
3645 0.196192
3646 0.175710
3647 0.157447
3648 0.141147
3649 0.126585
3650 0.113568
3651 0.101922
3652 0.091497
3653 0.082159
3654 0.073792
3655 4.382796
3656 8.907948
3657 9.116812
3658 13.964748
3659 19.026951
3660 14.350300
3661 10.984476
3662 11.568330
3663 9.511709
3664 7.696228
3665 6.486152
3666 5.602461
3667 4.663907
3668 4.109087
3669 0.010919
3670 0.006687
3671 11.470448
3672 23.587126
3673 36.186303
3674 49.178984
3675 62.511725
3676 16.834292
3677 11.860895
3678 24.147791
3679 38.288703
3680 42.347309
3681 59.601217
3682 76.864564
3683 14.150601
3684 30.352768
3685 49.904058
3686 71.209443
3687 93.685792
3688 117.043792
3689 17.396124
3690 12.336275
3691 9.263074
3692 7.067573
3693 5.370220
3694 4.281930
3695 3.511632
3696 2.934226
3697 2.484775
3698 2.125441
3699 1.832365
3700 1.589613
3701 1.386066
3702 1.213686
3703 1.066502
3704 0.939970
3705 0.830562
3706 0.735495
3707 0.652542
3708 0.579896
3709 0.516076
3710 0.459855
3711 0.410209
3712 0.366278
3713 0.327332
3714 0.292748
3715 0.261994
3716 0.234610
3717 0.210200
3718 0.188418
3719 0.168964
3720 0.151576
3721 0.136023
3722 0.122102
3723 0.109635
3724 4.399215
3725 4.497452
3726 4.596426
3727 4.696059
3728 9.528376
3729 7.252659
3730 9.388465
3731 11.269252
3732 12.969020
3733 11.157238
3734 9.948897
3735 8.486396
3736 7.032145
3737 5.686493
3738 4.724060
3739 3.992669
3740 3.415200
3741 2.947144
3742 2.560478
3743 2.236420
3744 1.961772
3745 1.726913
3746 1.524617
3747 1.349327
3748 1.196678
3749 1.063188
3750 0.946036
3751 0.842908
3752 0.751887
3753 0.671368
3754 0.600001
3755 0.536634
3756 0.480286
3757 8.911791
3758 8.981398
3759 9.054853
3760 17.953605
3761 27.078889
3762 8.025977
3763 6.790786
3764 6.121453
3765 2.951334
3766 0.942776
3767 1.082472
3768 1.211621
3769 1.330777
3770 2.610529
3771 4.034487
3772 5.735495
3773 7.701997
3774 9.924580
3775 9.701767
3776 8.880746
3777 7.747332
3778 6.525843
3779 4.702306
3780 4.109542
3781 3.563190
3782 3.551357
3783 3.984757
3784 4.162722
3785 4.807616
3786 4.784533
3787 4.511058
3788 3.832427
3789 3.519235
3790 3.557857
3791 4.030939
3792 4.883023
3793 5.123158
3794 5.066269
3795 4.750112
3796 4.242467
3797 3.615418
3798 3.111315
3799 2.697362
3800 2.352016
3801 2.060369
3802 1.811684
3803 1.597975
3804 1.413148
3805 1.252451
3806 1.112112
3807 0.989088
3808 0.880897
3809 0.785487
3810 0.701147
3811 0.626439
3812 0.560143
3813 0.501219
3814 0.448775
3815 0.402041
3816 0.360351
3817 0.323124
3818 0.289856
3819 19.339285
3820 19.411150
3821 19.485323
3822 19.561552
3823 39.110108
3824 4.391258
3825 3.504921
3826 3.367441
3827 4.282924
3828 4.084319
3829 3.989212
3830 3.933920
3831 4.422533
3832 4.062930
3833 3.823674
3834 3.654424
3835 3.571028
3836 3.273289
3837 3.090535
3838 2.956484
3839 2.856163
3840 2.702417
3841 1.867983
3842 1.772340
3843 1.691079
3844 1.621534
3845 1.561656
3846 1.360992
3847 1.191214
3848 1.046372
3849 0.921942
3850 0.814422
3851 0.721048
3852 0.639613
3853 0.568326
3854 0.505723
3855 0.450590
3856 0.401918
3857 0.358856
3858 0.320686
3859 0.286794
3860 0.256657
3861 0.229824
3862 0.205905
3863 0.184561
3864 0.165500
3865 0.148462
3866 0.133222
3867 0.119582
3868 0.107367
3869 0.096422
3870 0.086612
3871 0.077815
3872 0.069923
3873 0.062842
3874 0.056485
3875 0.050778
3876 0.045653
3877 0.041049
3878 0.036913
3879 0.033196
3880 0.029856
3881 0.026854
3882 25.894619
3883 51.860182
3884 77.925542
3885 104.093656
3886 130.368320
3887 6.332634
3888 5.109664
3889 3.903653
3890 2.856613
3891 1.951650
3892 1.446959
3893 1.124997
3894 0.902359
3895 0.739860
3896 0.616575
3897 0.520288
3898 0.443379
3899 0.380840
3900 0.329247
3901 0.286175
3902 0.249860
3903 0.218985
3904 0.192549
3905 0.169777
3906 0.150059
3907 0.132908
3908 0.117932
3909 0.104809
3910 0.093277
3911 0.083116
3912 0.074142
3913 0.066200
3914 0.059159
3915 0.052907
3916 0.047347
3917 0.042396
3918 0.037984
3919 0.034046
3920 0.030530
3921 0.027387
3922 0.024576
3923 0.022060
3924 0.019807
3925 0.017789
3926 0.015979
3927 0.014357
3928 0.012901
3929 0.011595
3930 0.010422
3931 0.009370
3932 0.008424
3933 0.007575
3934 0.006812
3935 0.006126
3936 0.005510
3937 57.833641
3938 115.873713
3939 174.125545
3940 174.442638
3941 233.011756
3942 15.657585
3943 11.439489
3944 8.860520
3945 9.122025
3946 7.451582
3947 6.313881
3948 5.473217
3949 4.821417
3950 4.068600
3951 3.476278
3952 2.997357
3953 2.602429
3954 2.271902
3955 1.992074
3956 1.752993
3957 1.547205
3958 2.524785
3959 2.506104
3960 3.927793
3961 5.621176
3962 7.575785
3963 7.472920
3964 9.002695
3965 8.338124
3966 7.351977
3967 6.243757
3968 5.420798
3969 4.527024
3970 3.839901
3971 3.293135
3972 2.847475
3973 2.477758
3974 2.166893
3975 1.902741
3976 12.371984
3977 23.161135
3978 34.249478
3979 45.620689
3980 70.960473
3981 46.808071
3982 282.826756
3983 93.093646
3984 132.333699
3985 94.118983
3986 104.723351
3987 5.059408
3988 3.769749
3989 3.141988
3990 27.683272
3991 53.210479
3992 79.665920
3993 106.712843
3994 134.204767
3995 16.839347
3996 11.864892
3997 8.860311
3998 6.720878
3999 5.069961
4000 4.020565
4001 3.283150
4002 2.733765
4003 2.308354
4004 1.969763
4005 1.694674
4006 1.467588
4007 1.277735
4008 1.117366
4009 0.980747
4010 0.863529
4011 0.762353
4012 0.674577
4013 0.598090
4014 0.531188
4015 0.472478
4016 0.420809
4017 0.375222
4018 0.334914
4019 0.299203
4020 0.267513
4021 0.239346
4022 0.214279
4023 0.191944
4024 0.172021
4025 0.154235
4026 0.138341
4027 3.902829
4028 7.887542
4029 8.094057
4030 8.301019
4031 12.722223
4032 10.280865
4033 8.116760
4034 9.186124
4035 8.205801
4036 7.054492
4037 6.265779
4038 5.685788
4039 5.005461
4040 5.063463
4041 4.493972
4042 4.031904
4043 3.649900
4044 3.329573
4045 2.876568
4046 2.501400
4047 2.186374
4048 1.918980
4049 1.690046
4050 1.492660
4051 1.321485
4052 1.172318
4053 1.041798
4054 0.927196
4055 0.826271
4056 0.737163
4057 0.658312
4058 0.588402
4059 0.526316
4060 0.471096
4061 0.421919
4062 0.378072
4063 0.338940
4064 0.303983
4065 0.272731
4066 0.244772
4067 0.219743
4068 0.197325
4069 0.177235
4070 0.159223
4071 0.143069
4072 0.128574
4073 0.115566
4074 0.103887
4075 0.093400
4076 0.083980
4077 0.075518
4078 0.067914
4079 0.061080
4080 0.054938
4081 0.049417
4082 0.044453
4083 0.039990
4084 0.035976
4085 0.032367
4086 0.029121
4087 0.026201
4088 0.023574
4089 0.021212
4090 0.019087
4091 12.877894
4092 25.948305
4093 26.158101
4094 26.367989
4095 39.861311
4096 11.780352
4097 8.665212
4098 9.633635
4099 10.478586
4100 8.839703
4101 7.717877
4102 6.886582
4103 5.904059
4104 4.886488
4105 4.119762
4106 3.517755
4107 3.031704
4108 2.631316
4109 2.296483
4110 2.013182
4111 1.771249
4112 1.563087
4113 1.382874
4114 1.226056
4115 1.089006
4116 0.968793
4117 0.863018
4118 0.769697
4119 0.687171
4120 0.614045
4121 0.549134
4122 0.491426
4123 0.440052
4124 0.394263
4125 0.353408
4126 0.316921
4127 0.284310
4128 0.255140
4129 0.229032
4130 0.205651
4131 0.184701
4132 0.165921
4133 0.149079
4134 0.133969
4135 0.120410
4136 0.108238
4137 0.097308
4138 25.689138
4139 51.477279
4140 51.664348
4141 77.746087
4142 104.022739
4143 2.523933
4144 2.660280
4145 1.368481
4146 1.551023
4147 1.388593
4148 1.308630
4149 1.261248
4150 0.966086
4151 0.766970
4152 0.624159
4153 0.517208
4154 0.434509
4155 0.368971
4156 0.316017
4157 0.272558
4158 0.236434
4159 0.206086
4160 0.180364
4161 0.158398
4162 0.139518
4163 0.123203
4164 0.109035
4165 0.096682
4166 0.085872
4167 0.076383
4168 0.068031
4169 0.060660
4170 0.054143
4171 0.048369
4172 0.043244
4173 0.038690
4174 0.034637
4175 0.031025
4176 0.027804
4177 0.024928
4178 0.022359
4179 0.020061
4180 0.018006
4181 0.016165
4182 23.483074
4183 23.584028
4184 23.684904
4185 23.785707
4186 23.886443
4187 9.706179
4188 4.101953
4189 3.375599
4190 4.130344
4191 5.363087
4192 6.563589
4193 6.586335
4194 5.910411
4195 5.039265
4196 4.211644
4197 3.874072
4198 3.344895
4199 2.955403
4200 2.657366
4201 2.422738
4202 2.036614
4203 1.731436
4204 1.484979
4205 1.282578
4206 1.114119
4207 0.972376
4208 0.852034
4209 0.749090
4210 0.660468
4211 0.583760
4212 0.517054
4213 0.458813
4214 0.407785
4215 0.362940
4216 0.323425
4217 0.288524
4218 0.257636
4219 0.230249
4220 0.205927
4221 0.184297
4222 0.165036
4223 0.147866
4224 0.132544
4225 0.118860
4226 0.106628
4227 0.095687
4228 0.085894
4229 0.077124
4230 0.069266
4231 4.442473
4232 9.031780
4233 9.241013
4234 14.153026
4235 19.279271
4236 14.417181
4237 11.008788
4238 11.586007
4239 9.521652
4240 7.701980
4241 6.489946
4242 5.605406
4243 4.727964
4244 0.021770
4245 0.012151
4246 0.008380
4247 11.649032
4248 23.850236
4249 36.492020
4250 49.505110
4251 62.845370
4252 17.111236
4253 12.094323
4254 24.306787
4255 38.465838
4256 42.441593
4257 59.659229
4258 76.909904
4259 14.182607
4260 30.376891
